12345678
12345687
12345768
12345786
12345867
12345876
12346578
12346587
12346758
12346785
12346857
12346875
12347568
12347586
12347658
12347685
12347856
12347865
12348567
12348576
12348657
12348675
12348756
12348765
12354678
12354687
12354768
12354786
12354867
12354876
12356478
12356487
12356748
12356784
12356847
12356874
12357468
12357486
12357648
12357684
12357846
12357864
12358467
12358476
12358647
12358674
12358746
12358764
12364578
12364587
12364758
12364785
12364857
12364875
12365478
12365487
12365748
12365784
12365847
12365874
12367458
12367485
12367548
12367584
12367845
12367854
12368457
12368475
12368547
12368574
12368745
12368754
12374568
12374586
12374658
12374685
12374856
12374865
12375468
12375486
12375648
12375684
12375846
12375864
12376458
12376485
12376548
12376584
12376845
12376854
12378456
12378465
12378546
12378564
12378645
12378654
12384567
12384576
12384657
12384675
12384756
12384765
12385467
12385476
12385647
12385674
12385746
12385764
12386457
12386475
12386547
12386574
12386745
12386754
12387456
12387465
12387546
12387564
12387645
12387654
12435678
12435687
12435768
12435786
12435867
12435876
12436578
12436587
12436758
12436785
12436857
12436875
12437568
12437586
12437658
12437685
12437856
12437865
12438567
12438576
12438657
12438675
12438756
12438765
12453678
12453687
12453768
12453786
12453867
12453876
12456378
12456387
12456738
12456783
12456837
12456873
12457368
12457386
12457638
12457683
12457836
12457863
12458367
12458376
12458637
12458673
12458736
12458763
12463578
12463587
12463758
12463785
12463857
12463875
12465378
12465387
12465738
12465783
12465837
12465873
12467358
12467385
12467538
12467583
12467835
12467853
12468357
12468375
12468537
12468573
12468735
12468753
12473568
12473586
12473658
12473685
12473856
12473865
12475368
12475386
12475638
12475683
12475836
12475863
12476358
12476385
12476538
12476583
12476835
12476853
12478356
12478365
12478536
12478563
12478635
12478653
12483567
12483576
12483657
12483675
12483756
12483765
12485367
12485376
12485637
12485673
12485736
12485763
12486357
12486375
12486537
12486573
12486735
12486753
12487356
12487365
12487536
12487563
12487635
12487653
12534678
12534687
12534768
12534786
12534867
12534876
12536478
12536487
12536748
12536784
12536847
12536874
12537468
12537486
12537648
12537684
12537846
12537864
12538467
12538476
12538647
12538674
12538746
12538764
12543678
12543687
12543768
12543786
12543867
12543876
12546378
12546387
12546738
12546783
12546837
12546873
12547368
12547386
12547638
12547683
12547836
12547863
12548367
12548376
12548637
12548673
12548736
12548763
12563478
12563487
12563748
12563784
12563847
12563874
12564378
12564387
12564738
12564783
12564837
12564873
12567348
12567384
12567438
12567483
12567834
12567843
12568347
12568374
12568437
12568473
12568734
12568743
12573468
12573486
12573648
12573684
12573846
12573864
12574368
12574386
12574638
12574683
12574836
12574863
12576348
12576384
12576438
12576483
12576834
12576843
12578346
12578364
12578436
12578463
12578634
12578643
12583467
12583476
12583647
12583674
12583746
12583764
12584367
12584376
12584637
12584673
12584736
12584763
12586347
12586374
12586437
12586473
12586734
12586743
12587346
12587364
12587436
12587463
12587634
12587643
12634578
12634587
12634758
12634785
12634857
12634875
12635478
12635487
12635748
12635784
12635847
12635874
12637458
12637485
12637548
12637584
12637845
12637854
12638457
12638475
12638547
12638574
12638745
12638754
12643578
12643587
12643758
12643785
12643857
12643875
12645378
12645387
12645738
12645783
12645837
12645873
12647358
12647385
12647538
12647583
12647835
12647853
12648357
12648375
12648537
12648573
12648735
12648753
12653478
12653487
12653748
12653784
12653847
12653874
12654378
12654387
12654738
12654783
12654837
12654873
12657348
12657384
12657438
12657483
12657834
12657843
12658347
12658374
12658437
12658473
12658734
12658743
12673458
12673485
12673548
12673584
12673845
12673854
12674358
12674385
12674538
12674583
12674835
12674853
12675348
12675384
12675438
12675483
12675834
12675843
12678345
12678354
12678435
12678453
12678534
12678543
12683457
12683475
12683547
12683574
12683745
12683754
12684357
12684375
12684537
12684573
12684735
12684753
12685347
12685374
12685437
12685473
12685734
12685743
12687345
12687354
12687435
12687453
12687534
12687543
12734568
12734586
12734658
12734685
12734856
12734865
12735468
12735486
12735648
12735684
12735846
12735864
12736458
12736485
12736548
12736584
12736845
12736854
12738456
12738465
12738546
12738564
12738645
12738654
12743568
12743586
12743658
12743685
12743856
12743865
12745368
12745386
12745638
12745683
12745836
12745863
12746358
12746385
12746538
12746583
12746835
12746853
12748356
12748365
12748536
12748563
12748635
12748653
12753468
12753486
12753648
12753684
12753846
12753864
12754368
12754386
12754638
12754683
12754836
12754863
12756348
12756384
12756438
12756483
12756834
12756843
12758346
12758364
12758436
12758463
12758634
12758643
12763458
12763485
12763548
12763584
12763845
12763854
12764358
12764385
12764538
12764583
12764835
12764853
12765348
12765384
12765438
12765483
12765834
12765843
12768345
12768354
12768435
12768453
12768534
12768543
12783456
12783465
12783546
12783564
12783645
12783654
12784356
12784365
12784536
12784563
12784635
12784653
12785346
12785364
12785436
12785463
12785634
12785643
12786345
12786354
12786435
12786453
12786534
12786543
12834567
12834576
12834657
12834675
12834756
12834765
12835467
12835476
12835647
12835674
12835746
12835764
12836457
12836475
12836547
12836574
12836745
12836754
12837456
12837465
12837546
12837564
12837645
12837654
12843567
12843576
12843657
12843675
12843756
12843765
12845367
12845376
12845637
12845673
12845736
12845763
12846357
12846375
12846537
12846573
12846735
12846753
12847356
12847365
12847536
12847563
12847635
12847653
12853467
12853476
12853647
12853674
12853746
12853764
12854367
12854376
12854637
12854673
12854736
12854763
12856347
12856374
12856437
12856473
12856734
12856743
12857346
12857364
12857436
12857463
12857634
12857643
12863457
12863475
12863547
12863574
12863745
12863754
12864357
12864375
12864537
12864573
12864735
12864753
12865347
12865374
12865437
12865473
12865734
12865743
12867345
12867354
12867435
12867453
12867534
12867543
12873456
12873465
12873546
12873564
12873645
12873654
12874356
12874365
12874536
12874563
12874635
12874653
12875346
12875364
12875436
12875463
12875634
12875643
12876345
12876354
12876435
12876453
12876534
12876543
13245678
13245687
13245768
13245786
13245867
13245876
13246578
13246587
13246758
13246785
13246857
13246875
13247568
13247586
13247658
13247685
13247856
13247865
13248567
13248576
13248657
13248675
13248756
13248765
13254678
13254687
13254768
13254786
13254867
13254876
13256478
13256487
13256748
13256784
13256847
13256874
13257468
13257486
13257648
13257684
13257846
13257864
13258467
13258476
13258647
13258674
13258746
13258764
13264578
13264587
13264758
13264785
13264857
13264875
13265478
13265487
13265748
13265784
13265847
13265874
13267458
13267485
13267548
13267584
13267845
13267854
13268457
13268475
13268547
13268574
13268745
13268754
13274568
13274586
13274658
13274685
13274856
13274865
13275468
13275486
13275648
13275684
13275846
13275864
13276458
13276485
13276548
13276584
13276845
13276854
13278456
13278465
13278546
13278564
13278645
13278654
13284567
13284576
13284657
13284675
13284756
13284765
13285467
13285476
13285647
13285674
13285746
13285764
13286457
13286475
13286547
13286574
13286745
13286754
13287456
13287465
13287546
13287564
13287645
13287654
13425678
13425687
13425768
13425786
13425867
13425876
13426578
13426587
13426758
13426785
13426857
13426875
13427568
13427586
13427658
13427685
13427856
13427865
13428567
13428576
13428657
13428675
13428756
13428765
13452678
13452687
13452768
13452786
13452867
13452876
13456278
13456287
13456728
13456782
13456827
13456872
13457268
13457286
13457628
13457682
13457826
13457862
13458267
13458276
13458627
13458672
13458726
13458762
13462578
13462587
13462758
13462785
13462857
13462875
13465278
13465287
13465728
13465782
13465827
13465872
13467258
13467285
13467528
13467582
13467825
13467852
13468257
13468275
13468527
13468572
13468725
13468752
13472568
13472586
13472658
13472685
13472856
13472865
13475268
13475286
13475628
13475682
13475826
13475862
13476258
13476285
13476528
13476582
13476825
13476852
13478256
13478265
13478526
13478562
13478625
13478652
13482567
13482576
13482657
13482675
13482756
13482765
13485267
13485276
13485627
13485672
13485726
13485762
13486257
13486275
13486527
13486572
13486725
13486752
13487256
13487265
13487526
13487562
13487625
13487652
13524678
13524687
13524768
13524786
13524867
13524876
13526478
13526487
13526748
13526784
13526847
13526874
13527468
13527486
13527648
13527684
13527846
13527864
13528467
13528476
13528647
13528674
13528746
13528764
13542678
13542687
13542768
13542786
13542867
13542876
13546278
13546287
13546728
13546782
13546827
13546872
13547268
13547286
13547628
13547682
13547826
13547862
13548267
13548276
13548627
13548672
13548726
13548762
13562478
13562487
13562748
13562784
13562847
13562874
13564278
13564287
13564728
13564782
13564827
13564872
13567248
13567284
13567428
13567482
13567824
13567842
13568247
13568274
13568427
13568472
13568724
13568742
13572468
13572486
13572648
13572684
13572846
13572864
13574268
13574286
13574628
13574682
13574826
13574862
13576248
13576284
13576428
13576482
13576824
13576842
13578246
13578264
13578426
13578462
13578624
13578642
13582467
13582476
13582647
13582674
13582746
13582764
13584267
13584276
13584627
13584672
13584726
13584762
13586247
13586274
13586427
13586472
13586724
13586742
13587246
13587264
13587426
13587462
13587624
13587642
13624578
13624587
13624758
13624785
13624857
13624875
13625478
13625487
13625748
13625784
13625847
13625874
13627458
13627485
13627548
13627584
13627845
13627854
13628457
13628475
13628547
13628574
13628745
13628754
13642578
13642587
13642758
13642785
13642857
13642875
13645278
13645287
13645728
13645782
13645827
13645872
13647258
13647285
13647528
13647582
13647825
13647852
13648257
13648275
13648527
13648572
13648725
13648752
13652478
13652487
13652748
13652784
13652847
13652874
13654278
13654287
13654728
13654782
13654827
13654872
13657248
13657284
13657428
13657482
13657824
13657842
13658247
13658274
13658427
13658472
13658724
13658742
13672458
13672485
13672548
13672584
13672845
13672854
13674258
13674285
13674528
13674582
13674825
13674852
13675248
13675284
13675428
13675482
13675824
13675842
13678245
13678254
13678425
13678452
13678524
13678542
13682457
13682475
13682547
13682574
13682745
13682754
13684257
13684275
13684527
13684572
13684725
13684752
13685247
13685274
13685427
13685472
13685724
13685742
13687245
13687254
13687425
13687452
13687524
13687542
13724568
13724586
13724658
13724685
13724856
13724865
13725468
13725486
13725648
13725684
13725846
13725864
13726458
13726485
13726548
13726584
13726845
13726854
13728456
13728465
13728546
13728564
13728645
13728654
13742568
13742586
13742658
13742685
13742856
13742865
13745268
13745286
13745628
13745682
13745826
13745862
13746258
13746285
13746528
13746582
13746825
13746852
13748256
13748265
13748526
13748562
13748625
13748652
13752468
13752486
13752648
13752684
13752846
13752864
13754268
13754286
13754628
13754682
13754826
13754862
13756248
13756284
13756428
13756482
13756824
13756842
13758246
13758264
13758426
13758462
13758624
13758642
13762458
13762485
13762548
13762584
13762845
13762854
13764258
13764285
13764528
13764582
13764825
13764852
13765248
13765284
13765428
13765482
13765824
13765842
13768245
13768254
13768425
13768452
13768524
13768542
13782456
13782465
13782546
13782564
13782645
13782654
13784256
13784265
13784526
13784562
13784625
13784652
13785246
13785264
13785426
13785462
13785624
13785642
13786245
13786254
13786425
13786452
13786524
13786542
13824567
13824576
13824657
13824675
13824756
13824765
13825467
13825476
13825647
13825674
13825746
13825764
13826457
13826475
13826547
13826574
13826745
13826754
13827456
13827465
13827546
13827564
13827645
13827654
13842567
13842576
13842657
13842675
13842756
13842765
13845267
13845276
13845627
13845672
13845726
13845762
13846257
13846275
13846527
13846572
13846725
13846752
13847256
13847265
13847526
13847562
13847625
13847652
13852467
13852476
13852647
13852674
13852746
13852764
13854267
13854276
13854627
13854672
13854726
13854762
13856247
13856274
13856427
13856472
13856724
13856742
13857246
13857264
13857426
13857462
13857624
13857642
13862457
13862475
13862547
13862574
13862745
13862754
13864257
13864275
13864527
13864572
13864725
13864752
13865247
13865274
13865427
13865472
13865724
13865742
13867245
13867254
13867425
13867452
13867524
13867542
13872456
13872465
13872546
13872564
13872645
13872654
13874256
13874265
13874526
13874562
13874625
13874652
13875246
13875264
13875426
13875462
13875624
13875642
13876245
13876254
13876425
13876452
13876524
13876542
14235678
14235687
14235768
14235786
14235867
14235876
14236578
14236587
14236758
14236785
14236857
14236875
14237568
14237586
14237658
14237685
14237856
14237865
14238567
14238576
14238657
14238675
14238756
14238765
14253678
14253687
14253768
14253786
14253867
14253876
14256378
14256387
14256738
14256783
14256837
14256873
14257368
14257386
14257638
14257683
14257836
14257863
14258367
14258376
14258637
14258673
14258736
14258763
14263578
14263587
14263758
14263785
14263857
14263875
14265378
14265387
14265738
14265783
14265837
14265873
14267358
14267385
14267538
14267583
14267835
14267853
14268357
14268375
14268537
14268573
14268735
14268753
14273568
14273586
14273658
14273685
14273856
14273865
14275368
14275386
14275638
14275683
14275836
14275863
14276358
14276385
14276538
14276583
14276835
14276853
14278356
14278365
14278536
14278563
14278635
14278653
14283567
14283576
14283657
14283675
14283756
14283765
14285367
14285376
14285637
14285673
14285736
14285763
14286357
14286375
14286537
14286573
14286735
14286753
14287356
14287365
14287536
14287563
14287635
14287653
14325678
14325687
14325768
14325786
14325867
14325876
14326578
14326587
14326758
14326785
14326857
14326875
14327568
14327586
14327658
14327685
14327856
14327865
14328567
14328576
14328657
14328675
14328756
14328765
14352678
14352687
14352768
14352786
14352867
14352876
14356278
14356287
14356728
14356782
14356827
14356872
14357268
14357286
14357628
14357682
14357826
14357862
14358267
14358276
14358627
14358672
14358726
14358762
14362578
14362587
14362758
14362785
14362857
14362875
14365278
14365287
14365728
14365782
14365827
14365872
14367258
14367285
14367528
14367582
14367825
14367852
14368257
14368275
14368527
14368572
14368725
14368752
14372568
14372586
14372658
14372685
14372856
14372865
14375268
14375286
14375628
14375682
14375826
14375862
14376258
14376285
14376528
14376582
14376825
14376852
14378256
14378265
14378526
14378562
14378625
14378652
14382567
14382576
14382657
14382675
14382756
14382765
14385267
14385276
14385627
14385672
14385726
14385762
14386257
14386275
14386527
14386572
14386725
14386752
14387256
14387265
14387526
14387562
14387625
14387652
14523678
14523687
14523768
14523786
14523867
14523876
14526378
14526387
14526738
14526783
14526837
14526873
14527368
14527386
14527638
14527683
14527836
14527863
14528367
14528376
14528637
14528673
14528736
14528763
14532678
14532687
14532768
14532786
14532867
14532876
14536278
14536287
14536728
14536782
14536827
14536872
14537268
14537286
14537628
14537682
14537826
14537862
14538267
14538276
14538627
14538672
14538726
14538762
14562378
14562387
14562738
14562783
14562837
14562873
14563278
14563287
14563728
14563782
14563827
14563872
14567238
14567283
14567328
14567382
14567823
14567832
14568237
14568273
14568327
14568372
14568723
14568732
14572368
14572386
14572638
14572683
14572836
14572863
14573268
14573286
14573628
14573682
14573826
14573862
14576238
14576283
14576328
14576382
14576823
14576832
14578236
14578263
14578326
14578362
14578623
14578632
14582367
14582376
14582637
14582673
14582736
14582763
14583267
14583276
14583627
14583672
14583726
14583762
14586237
14586273
14586327
14586372
14586723
14586732
14587236
14587263
14587326
14587362
14587623
14587632
14623578
14623587
14623758
14623785
14623857
14623875
14625378
14625387
14625738
14625783
14625837
14625873
14627358
14627385
14627538
14627583
14627835
14627853
14628357
14628375
14628537
14628573
14628735
14628753
14632578
14632587
14632758
14632785
14632857
14632875
14635278
14635287
14635728
14635782
14635827
14635872
14637258
14637285
14637528
14637582
14637825
14637852
14638257
14638275
14638527
14638572
14638725
14638752
14652378
14652387
14652738
14652783
14652837
14652873
14653278
14653287
14653728
14653782
14653827
14653872
14657238
14657283
14657328
14657382
14657823
14657832
14658237
14658273
14658327
14658372
14658723
14658732
14672358
14672385
14672538
14672583
14672835
14672853
14673258
14673285
14673528
14673582
14673825
14673852
14675238
14675283
14675328
14675382
14675823
14675832
14678235
14678253
14678325
14678352
14678523
14678532
14682357
14682375
14682537
14682573
14682735
14682753
14683257
14683275
14683527
14683572
14683725
14683752
14685237
14685273
14685327
14685372
14685723
14685732
14687235
14687253
14687325
14687352
14687523
14687532
14723568
14723586
14723658
14723685
14723856
14723865
14725368
14725386
14725638
14725683
14725836
14725863
14726358
14726385
14726538
14726583
14726835
14726853
14728356
14728365
14728536
14728563
14728635
14728653
14732568
14732586
14732658
14732685
14732856
14732865
14735268
14735286
14735628
14735682
14735826
14735862
14736258
14736285
14736528
14736582
14736825
14736852
14738256
14738265
14738526
14738562
14738625
14738652
14752368
14752386
14752638
14752683
14752836
14752863
14753268
14753286
14753628
14753682
14753826
14753862
14756238
14756283
14756328
14756382
14756823
14756832
14758236
14758263
14758326
14758362
14758623
14758632
14762358
14762385
14762538
14762583
14762835
14762853
14763258
14763285
14763528
14763582
14763825
14763852
14765238
14765283
14765328
14765382
14765823
14765832
14768235
14768253
14768325
14768352
14768523
14768532
14782356
14782365
14782536
14782563
14782635
14782653
14783256
14783265
14783526
14783562
14783625
14783652
14785236
14785263
14785326
14785362
14785623
14785632
14786235
14786253
14786325
14786352
14786523
14786532
14823567
14823576
14823657
14823675
14823756
14823765
14825367
14825376
14825637
14825673
14825736
14825763
14826357
14826375
14826537
14826573
14826735
14826753
14827356
14827365
14827536
14827563
14827635
14827653
14832567
14832576
14832657
14832675
14832756
14832765
14835267
14835276
14835627
14835672
14835726
14835762
14836257
14836275
14836527
14836572
14836725
14836752
14837256
14837265
14837526
14837562
14837625
14837652
14852367
14852376
14852637
14852673
14852736
14852763
14853267
14853276
14853627
14853672
14853726
14853762
14856237
14856273
14856327
14856372
14856723
14856732
14857236
14857263
14857326
14857362
14857623
14857632
14862357
14862375
14862537
14862573
14862735
14862753
14863257
14863275
14863527
14863572
14863725
14863752
14865237
14865273
14865327
14865372
14865723
14865732
14867235
14867253
14867325
14867352
14867523
14867532
14872356
14872365
14872536
14872563
14872635
14872653
14873256
14873265
14873526
14873562
14873625
14873652
14875236
14875263
14875326
14875362
14875623
14875632
14876235
14876253
14876325
14876352
14876523
14876532
15234678
15234687
15234768
15234786
15234867
15234876
15236478
15236487
15236748
15236784
15236847
15236874
15237468
15237486
15237648
15237684
15237846
15237864
15238467
15238476
15238647
15238674
15238746
15238764
15243678
15243687
15243768
15243786
15243867
15243876
15246378
15246387
15246738
15246783
15246837
15246873
15247368
15247386
15247638
15247683
15247836
15247863
15248367
15248376
15248637
15248673
15248736
15248763
15263478
15263487
15263748
15263784
15263847
15263874
15264378
15264387
15264738
15264783
15264837
15264873
15267348
15267384
15267438
15267483
15267834
15267843
15268347
15268374
15268437
15268473
15268734
15268743
15273468
15273486
15273648
15273684
15273846
15273864
15274368
15274386
15274638
15274683
15274836
15274863
15276348
15276384
15276438
15276483
15276834
15276843
15278346
15278364
15278436
15278463
15278634
15278643
15283467
15283476
15283647
15283674
15283746
15283764
15284367
15284376
15284637
15284673
15284736
15284763
15286347
15286374
15286437
15286473
15286734
15286743
15287346
15287364
15287436
15287463
15287634
15287643
15324678
15324687
15324768
15324786
15324867
15324876
15326478
15326487
15326748
15326784
15326847
15326874
15327468
15327486
15327648
15327684
15327846
15327864
15328467
15328476
15328647
15328674
15328746
15328764
15342678
15342687
15342768
15342786
15342867
15342876
15346278
15346287
15346728
15346782
15346827
15346872
15347268
15347286
15347628
15347682
15347826
15347862
15348267
15348276
15348627
15348672
15348726
15348762
15362478
15362487
15362748
15362784
15362847
15362874
15364278
15364287
15364728
15364782
15364827
15364872
15367248
15367284
15367428
15367482
15367824
15367842
15368247
15368274
15368427
15368472
15368724
15368742
15372468
15372486
15372648
15372684
15372846
15372864
15374268
15374286
15374628
15374682
15374826
15374862
15376248
15376284
15376428
15376482
15376824
15376842
15378246
15378264
15378426
15378462
15378624
15378642
15382467
15382476
15382647
15382674
15382746
15382764
15384267
15384276
15384627
15384672
15384726
15384762
15386247
15386274
15386427
15386472
15386724
15386742
15387246
15387264
15387426
15387462
15387624
15387642
15423678
15423687
15423768
15423786
15423867
15423876
15426378
15426387
15426738
15426783
15426837
15426873
15427368
15427386
15427638
15427683
15427836
15427863
15428367
15428376
15428637
15428673
15428736
15428763
15432678
15432687
15432768
15432786
15432867
15432876
15436278
15436287
15436728
15436782
15436827
15436872
15437268
15437286
15437628
15437682
15437826
15437862
15438267
15438276
15438627
15438672
15438726
15438762
15462378
15462387
15462738
15462783
15462837
15462873
15463278
15463287
15463728
15463782
15463827
15463872
15467238
15467283
15467328
15467382
15467823
15467832
15468237
15468273
15468327
15468372
15468723
15468732
15472368
15472386
15472638
15472683
15472836
15472863
15473268
15473286
15473628
15473682
15473826
15473862
15476238
15476283
15476328
15476382
15476823
15476832
15478236
15478263
15478326
15478362
15478623
15478632
15482367
15482376
15482637
15482673
15482736
15482763
15483267
15483276
15483627
15483672
15483726
15483762
15486237
15486273
15486327
15486372
15486723
15486732
15487236
15487263
15487326
15487362
15487623
15487632
15623478
15623487
15623748
15623784
15623847
15623874
15624378
15624387
15624738
15624783
15624837
15624873
15627348
15627384
15627438
15627483
15627834
15627843
15628347
15628374
15628437
15628473
15628734
15628743
15632478
15632487
15632748
15632784
15632847
15632874
15634278
15634287
15634728
15634782
15634827
15634872
15637248
15637284
15637428
15637482
15637824
15637842
15638247
15638274
15638427
15638472
15638724
15638742
15642378
15642387
15642738
15642783
15642837
15642873
15643278
15643287
15643728
15643782
15643827
15643872
15647238
15647283
15647328
15647382
15647823
15647832
15648237
15648273
15648327
15648372
15648723
15648732
15672348
15672384
15672438
15672483
15672834
15672843
15673248
15673284
15673428
15673482
15673824
15673842
15674238
15674283
15674328
15674382
15674823
15674832
15678234
15678243
15678324
15678342
15678423
15678432
15682347
15682374
15682437
15682473
15682734
15682743
15683247
15683274
15683427
15683472
15683724
15683742
15684237
15684273
15684327
15684372
15684723
15684732
15687234
15687243
15687324
15687342
15687423
15687432
15723468
15723486
15723648
15723684
15723846
15723864
15724368
15724386
15724638
15724683
15724836
15724863
15726348
15726384
15726438
15726483
15726834
15726843
15728346
15728364
15728436
15728463
15728634
15728643
15732468
15732486
15732648
15732684
15732846
15732864
15734268
15734286
15734628
15734682
15734826
15734862
15736248
15736284
15736428
15736482
15736824
15736842
15738246
15738264
15738426
15738462
15738624
15738642
15742368
15742386
15742638
15742683
15742836
15742863
15743268
15743286
15743628
15743682
15743826
15743862
15746238
15746283
15746328
15746382
15746823
15746832
15748236
15748263
15748326
15748362
15748623
15748632
15762348
15762384
15762438
15762483
15762834
15762843
15763248
15763284
15763428
15763482
15763824
15763842
15764238
15764283
15764328
15764382
15764823
15764832
15768234
15768243
15768324
15768342
15768423
15768432
15782346
15782364
15782436
15782463
15782634
15782643
15783246
15783264
15783426
15783462
15783624
15783642
15784236
15784263
15784326
15784362
15784623
15784632
15786234
15786243
15786324
15786342
15786423
15786432
15823467
15823476
15823647
15823674
15823746
15823764
15824367
15824376
15824637
15824673
15824736
15824763
15826347
15826374
15826437
15826473
15826734
15826743
15827346
15827364
15827436
15827463
15827634
15827643
15832467
15832476
15832647
15832674
15832746
15832764
15834267
15834276
15834627
15834672
15834726
15834762
15836247
15836274
15836427
15836472
15836724
15836742
15837246
15837264
15837426
15837462
15837624
15837642
15842367
15842376
15842637
15842673
15842736
15842763
15843267
15843276
15843627
15843672
15843726
15843762
15846237
15846273
15846327
15846372
15846723
15846732
15847236
15847263
15847326
15847362
15847623
15847632
15862347
15862374
15862437
15862473
15862734
15862743
15863247
15863274
15863427
15863472
15863724
15863742
15864237
15864273
15864327
15864372
15864723
15864732
15867234
15867243
15867324
15867342
15867423
15867432
15872346
15872364
15872436
15872463
15872634
15872643
15873246
15873264
15873426
15873462
15873624
15873642
15874236
15874263
15874326
15874362
15874623
15874632
15876234
15876243
15876324
15876342
15876423
15876432
16234578
16234587
16234758
16234785
16234857
16234875
16235478
16235487
16235748
16235784
16235847
16235874
16237458
16237485
16237548
16237584
16237845
16237854
16238457
16238475
16238547
16238574
16238745
16238754
16243578
16243587
16243758
16243785
16243857
16243875
16245378
16245387
16245738
16245783
16245837
16245873
16247358
16247385
16247538
16247583
16247835
16247853
16248357
16248375
16248537
16248573
16248735
16248753
16253478
16253487
16253748
16253784
16253847
16253874
16254378
16254387
16254738
16254783
16254837
16254873
16257348
16257384
16257438
16257483
16257834
16257843
16258347
16258374
16258437
16258473
16258734
16258743
16273458
16273485
16273548
16273584
16273845
16273854
16274358
16274385
16274538
16274583
16274835
16274853
16275348
16275384
16275438
16275483
16275834
16275843
16278345
16278354
16278435
16278453
16278534
16278543
16283457
16283475
16283547
16283574
16283745
16283754
16284357
16284375
16284537
16284573
16284735
16284753
16285347
16285374
16285437
16285473
16285734
16285743
16287345
16287354
16287435
16287453
16287534
16287543
16324578
16324587
16324758
16324785
16324857
16324875
16325478
16325487
16325748
16325784
16325847
16325874
16327458
16327485
16327548
16327584
16327845
16327854
16328457
16328475
16328547
16328574
16328745
16328754
16342578
16342587
16342758
16342785
16342857
16342875
16345278
16345287
16345728
16345782
16345827
16345872
16347258
16347285
16347528
16347582
16347825
16347852
16348257
16348275
16348527
16348572
16348725
16348752
16352478
16352487
16352748
16352784
16352847
16352874
16354278
16354287
16354728
16354782
16354827
16354872
16357248
16357284
16357428
16357482
16357824
16357842
16358247
16358274
16358427
16358472
16358724
16358742
16372458
16372485
16372548
16372584
16372845
16372854
16374258
16374285
16374528
16374582
16374825
16374852
16375248
16375284
16375428
16375482
16375824
16375842
16378245
16378254
16378425
16378452
16378524
16378542
16382457
16382475
16382547
16382574
16382745
16382754
16384257
16384275
16384527
16384572
16384725
16384752
16385247
16385274
16385427
16385472
16385724
16385742
16387245
16387254
16387425
16387452
16387524
16387542
16423578
16423587
16423758
16423785
16423857
16423875
16425378
16425387
16425738
16425783
16425837
16425873
16427358
16427385
16427538
16427583
16427835
16427853
16428357
16428375
16428537
16428573
16428735
16428753
16432578
16432587
16432758
16432785
16432857
16432875
16435278
16435287
16435728
16435782
16435827
16435872
16437258
16437285
16437528
16437582
16437825
16437852
16438257
16438275
16438527
16438572
16438725
16438752
16452378
16452387
16452738
16452783
16452837
16452873
16453278
16453287
16453728
16453782
16453827
16453872
16457238
16457283
16457328
16457382
16457823
16457832
16458237
16458273
16458327
16458372
16458723
16458732
16472358
16472385
16472538
16472583
16472835
16472853
16473258
16473285
16473528
16473582
16473825
16473852
16475238
16475283
16475328
16475382
16475823
16475832
16478235
16478253
16478325
16478352
16478523
16478532
16482357
16482375
16482537
16482573
16482735
16482753
16483257
16483275
16483527
16483572
16483725
16483752
16485237
16485273
16485327
16485372
16485723
16485732
16487235
16487253
16487325
16487352
16487523
16487532
16523478
16523487
16523748
16523784
16523847
16523874
16524378
16524387
16524738
16524783
16524837
16524873
16527348
16527384
16527438
16527483
16527834
16527843
16528347
16528374
16528437
16528473
16528734
16528743
16532478
16532487
16532748
16532784
16532847
16532874
16534278
16534287
16534728
16534782
16534827
16534872
16537248
16537284
16537428
16537482
16537824
16537842
16538247
16538274
16538427
16538472
16538724
16538742
16542378
16542387
16542738
16542783
16542837
16542873
16543278
16543287
16543728
16543782
16543827
16543872
16547238
16547283
16547328
16547382
16547823
16547832
16548237
16548273
16548327
16548372
16548723
16548732
16572348
16572384
16572438
16572483
16572834
16572843
16573248
16573284
16573428
16573482
16573824
16573842
16574238
16574283
16574328
16574382
16574823
16574832
16578234
16578243
16578324
16578342
16578423
16578432
16582347
16582374
16582437
16582473
16582734
16582743
16583247
16583274
16583427
16583472
16583724
16583742
16584237
16584273
16584327
16584372
16584723
16584732
16587234
16587243
16587324
16587342
16587423
16587432
16723458
16723485
16723548
16723584
16723845
16723854
16724358
16724385
16724538
16724583
16724835
16724853
16725348
16725384
16725438
16725483
16725834
16725843
16728345
16728354
16728435
16728453
16728534
16728543
16732458
16732485
16732548
16732584
16732845
16732854
16734258
16734285
16734528
16734582
16734825
16734852
16735248
16735284
16735428
16735482
16735824
16735842
16738245
16738254
16738425
16738452
16738524
16738542
16742358
16742385
16742538
16742583
16742835
16742853
16743258
16743285
16743528
16743582
16743825
16743852
16745238
16745283
16745328
16745382
16745823
16745832
16748235
16748253
16748325
16748352
16748523
16748532
16752348
16752384
16752438
16752483
16752834
16752843
16753248
16753284
16753428
16753482
16753824
16753842
16754238
16754283
16754328
16754382
16754823
16754832
16758234
16758243
16758324
16758342
16758423
16758432
16782345
16782354
16782435
16782453
16782534
16782543
16783245
16783254
16783425
16783452
16783524
16783542
16784235
16784253
16784325
16784352
16784523
16784532
16785234
16785243
16785324
16785342
16785423
16785432
16823457
16823475
16823547
16823574
16823745
16823754
16824357
16824375
16824537
16824573
16824735
16824753
16825347
16825374
16825437
16825473
16825734
16825743
16827345
16827354
16827435
16827453
16827534
16827543
16832457
16832475
16832547
16832574
16832745
16832754
16834257
16834275
16834527
16834572
16834725
16834752
16835247
16835274
16835427
16835472
16835724
16835742
16837245
16837254
16837425
16837452
16837524
16837542
16842357
16842375
16842537
16842573
16842735
16842753
16843257
16843275
16843527
16843572
16843725
16843752
16845237
16845273
16845327
16845372
16845723
16845732
16847235
16847253
16847325
16847352
16847523
16847532
16852347
16852374
16852437
16852473
16852734
16852743
16853247
16853274
16853427
16853472
16853724
16853742
16854237
16854273
16854327
16854372
16854723
16854732
16857234
16857243
16857324
16857342
16857423
16857432
16872345
16872354
16872435
16872453
16872534
16872543
16873245
16873254
16873425
16873452
16873524
16873542
16874235
16874253
16874325
16874352
16874523
16874532
16875234
16875243
16875324
16875342
16875423
16875432
17234568
17234586
17234658
17234685
17234856
17234865
17235468
17235486
17235648
17235684
17235846
17235864
17236458
17236485
17236548
17236584
17236845
17236854
17238456
17238465
17238546
17238564
17238645
17238654
17243568
17243586
17243658
17243685
17243856
17243865
17245368
17245386
17245638
17245683
17245836
17245863
17246358
17246385
17246538
17246583
17246835
17246853
17248356
17248365
17248536
17248563
17248635
17248653
17253468
17253486
17253648
17253684
17253846
17253864
17254368
17254386
17254638
17254683
17254836
17254863
17256348
17256384
17256438
17256483
17256834
17256843
17258346
17258364
17258436
17258463
17258634
17258643
17263458
17263485
17263548
17263584
17263845
17263854
17264358
17264385
17264538
17264583
17264835
17264853
17265348
17265384
17265438
17265483
17265834
17265843
17268345
17268354
17268435
17268453
17268534
17268543
17283456
17283465
17283546
17283564
17283645
17283654
17284356
17284365
17284536
17284563
17284635
17284653
17285346
17285364
17285436
17285463
17285634
17285643
17286345
17286354
17286435
17286453
17286534
17286543
17324568
17324586
17324658
17324685
17324856
17324865
17325468
17325486
17325648
17325684
17325846
17325864
17326458
17326485
17326548
17326584
17326845
17326854
17328456
17328465
17328546
17328564
17328645
17328654
17342568
17342586
17342658
17342685
17342856
17342865
17345268
17345286
17345628
17345682
17345826
17345862
17346258
17346285
17346528
17346582
17346825
17346852
17348256
17348265
17348526
17348562
17348625
17348652
17352468
17352486
17352648
17352684
17352846
17352864
17354268
17354286
17354628
17354682
17354826
17354862
17356248
17356284
17356428
17356482
17356824
17356842
17358246
17358264
17358426
17358462
17358624
17358642
17362458
17362485
17362548
17362584
17362845
17362854
17364258
17364285
17364528
17364582
17364825
17364852
17365248
17365284
17365428
17365482
17365824
17365842
17368245
17368254
17368425
17368452
17368524
17368542
17382456
17382465
17382546
17382564
17382645
17382654
17384256
17384265
17384526
17384562
17384625
17384652
17385246
17385264
17385426
17385462
17385624
17385642
17386245
17386254
17386425
17386452
17386524
17386542
17423568
17423586
17423658
17423685
17423856
17423865
17425368
17425386
17425638
17425683
17425836
17425863
17426358
17426385
17426538
17426583
17426835
17426853
17428356
17428365
17428536
17428563
17428635
17428653
17432568
17432586
17432658
17432685
17432856
17432865
17435268
17435286
17435628
17435682
17435826
17435862
17436258
17436285
17436528
17436582
17436825
17436852
17438256
17438265
17438526
17438562
17438625
17438652
17452368
17452386
17452638
17452683
17452836
17452863
17453268
17453286
17453628
17453682
17453826
17453862
17456238
17456283
17456328
17456382
17456823
17456832
17458236
17458263
17458326
17458362
17458623
17458632
17462358
17462385
17462538
17462583
17462835
17462853
17463258
17463285
17463528
17463582
17463825
17463852
17465238
17465283
17465328
17465382
17465823
17465832
17468235
17468253
17468325
17468352
17468523
17468532
17482356
17482365
17482536
17482563
17482635
17482653
17483256
17483265
17483526
17483562
17483625
17483652
17485236
17485263
17485326
17485362
17485623
17485632
17486235
17486253
17486325
17486352
17486523
17486532
17523468
17523486
17523648
17523684
17523846
17523864
17524368
17524386
17524638
17524683
17524836
17524863
17526348
17526384
17526438
17526483
17526834
17526843
17528346
17528364
17528436
17528463
17528634
17528643
17532468
17532486
17532648
17532684
17532846
17532864
17534268
17534286
17534628
17534682
17534826
17534862
17536248
17536284
17536428
17536482
17536824
17536842
17538246
17538264
17538426
17538462
17538624
17538642
17542368
17542386
17542638
17542683
17542836
17542863
17543268
17543286
17543628
17543682
17543826
17543862
17546238
17546283
17546328
17546382
17546823
17546832
17548236
17548263
17548326
17548362
17548623
17548632
17562348
17562384
17562438
17562483
17562834
17562843
17563248
17563284
17563428
17563482
17563824
17563842
17564238
17564283
17564328
17564382
17564823
17564832
17568234
17568243
17568324
17568342
17568423
17568432
17582346
17582364
17582436
17582463
17582634
17582643
17583246
17583264
17583426
17583462
17583624
17583642
17584236
17584263
17584326
17584362
17584623
17584632
17586234
17586243
17586324
17586342
17586423
17586432
17623458
17623485
17623548
17623584
17623845
17623854
17624358
17624385
17624538
17624583
17624835
17624853
17625348
17625384
17625438
17625483
17625834
17625843
17628345
17628354
17628435
17628453
17628534
17628543
17632458
17632485
17632548
17632584
17632845
17632854
17634258
17634285
17634528
17634582
17634825
17634852
17635248
17635284
17635428
17635482
17635824
17635842
17638245
17638254
17638425
17638452
17638524
17638542
17642358
17642385
17642538
17642583
17642835
17642853
17643258
17643285
17643528
17643582
17643825
17643852
17645238
17645283
17645328
17645382
17645823
17645832
17648235
17648253
17648325
17648352
17648523
17648532
17652348
17652384
17652438
17652483
17652834
17652843
17653248
17653284
17653428
17653482
17653824
17653842
17654238
17654283
17654328
17654382
17654823
17654832
17658234
17658243
17658324
17658342
17658423
17658432
17682345
17682354
17682435
17682453
17682534
17682543
17683245
17683254
17683425
17683452
17683524
17683542
17684235
17684253
17684325
17684352
17684523
17684532
17685234
17685243
17685324
17685342
17685423
17685432
17823456
17823465
17823546
17823564
17823645
17823654
17824356
17824365
17824536
17824563
17824635
17824653
17825346
17825364
17825436
17825463
17825634
17825643
17826345
17826354
17826435
17826453
17826534
17826543
17832456
17832465
17832546
17832564
17832645
17832654
17834256
17834265
17834526
17834562
17834625
17834652
17835246
17835264
17835426
17835462
17835624
17835642
17836245
17836254
17836425
17836452
17836524
17836542
17842356
17842365
17842536
17842563
17842635
17842653
17843256
17843265
17843526
17843562
17843625
17843652
17845236
17845263
17845326
17845362
17845623
17845632
17846235
17846253
17846325
17846352
17846523
17846532
17852346
17852364
17852436
17852463
17852634
17852643
17853246
17853264
17853426
17853462
17853624
17853642
17854236
17854263
17854326
17854362
17854623
17854632
17856234
17856243
17856324
17856342
17856423
17856432
17862345
17862354
17862435
17862453
17862534
17862543
17863245
17863254
17863425
17863452
17863524
17863542
17864235
17864253
17864325
17864352
17864523
17864532
17865234
17865243
17865324
17865342
17865423
17865432
18234567
18234576
18234657
18234675
18234756
18234765
18235467
18235476
18235647
18235674
18235746
18235764
18236457
18236475
18236547
18236574
18236745
18236754
18237456
18237465
18237546
18237564
18237645
18237654
18243567
18243576
18243657
18243675
18243756
18243765
18245367
18245376
18245637
18245673
18245736
18245763
18246357
18246375
18246537
18246573
18246735
18246753
18247356
18247365
18247536
18247563
18247635
18247653
18253467
18253476
18253647
18253674
18253746
18253764
18254367
18254376
18254637
18254673
18254736
18254763
18256347
18256374
18256437
18256473
18256734
18256743
18257346
18257364
18257436
18257463
18257634
18257643
18263457
18263475
18263547
18263574
18263745
18263754
18264357
18264375
18264537
18264573
18264735
18264753
18265347
18265374
18265437
18265473
18265734
18265743
18267345
18267354
18267435
18267453
18267534
18267543
18273456
18273465
18273546
18273564
18273645
18273654
18274356
18274365
18274536
18274563
18274635
18274653
18275346
18275364
18275436
18275463
18275634
18275643
18276345
18276354
18276435
18276453
18276534
18276543
18324567
18324576
18324657
18324675
18324756
18324765
18325467
18325476
18325647
18325674
18325746
18325764
18326457
18326475
18326547
18326574
18326745
18326754
18327456
18327465
18327546
18327564
18327645
18327654
18342567
18342576
18342657
18342675
18342756
18342765
18345267
18345276
18345627
18345672
18345726
18345762
18346257
18346275
18346527
18346572
18346725
18346752
18347256
18347265
18347526
18347562
18347625
18347652
18352467
18352476
18352647
18352674
18352746
18352764
18354267
18354276
18354627
18354672
18354726
18354762
18356247
18356274
18356427
18356472
18356724
18356742
18357246
18357264
18357426
18357462
18357624
18357642
18362457
18362475
18362547
18362574
18362745
18362754
18364257
18364275
18364527
18364572
18364725
18364752
18365247
18365274
18365427
18365472
18365724
18365742
18367245
18367254
18367425
18367452
18367524
18367542
18372456
18372465
18372546
18372564
18372645
18372654
18374256
18374265
18374526
18374562
18374625
18374652
18375246
18375264
18375426
18375462
18375624
18375642
18376245
18376254
18376425
18376452
18376524
18376542
18423567
18423576
18423657
18423675
18423756
18423765
18425367
18425376
18425637
18425673
18425736
18425763
18426357
18426375
18426537
18426573
18426735
18426753
18427356
18427365
18427536
18427563
18427635
18427653
18432567
18432576
18432657
18432675
18432756
18432765
18435267
18435276
18435627
18435672
18435726
18435762
18436257
18436275
18436527
18436572
18436725
18436752
18437256
18437265
18437526
18437562
18437625
18437652
18452367
18452376
18452637
18452673
18452736
18452763
18453267
18453276
18453627
18453672
18453726
18453762
18456237
18456273
18456327
18456372
18456723
18456732
18457236
18457263
18457326
18457362
18457623
18457632
18462357
18462375
18462537
18462573
18462735
18462753
18463257
18463275
18463527
18463572
18463725
18463752
18465237
18465273
18465327
18465372
18465723
18465732
18467235
18467253
18467325
18467352
18467523
18467532
18472356
18472365
18472536
18472563
18472635
18472653
18473256
18473265
18473526
18473562
18473625
18473652
18475236
18475263
18475326
18475362
18475623
18475632
18476235
18476253
18476325
18476352
18476523
18476532
18523467
18523476
18523647
18523674
18523746
18523764
18524367
18524376
18524637
18524673
18524736
18524763
18526347
18526374
18526437
18526473
18526734
18526743
18527346
18527364
18527436
18527463
18527634
18527643
18532467
18532476
18532647
18532674
18532746
18532764
18534267
18534276
18534627
18534672
18534726
18534762
18536247
18536274
18536427
18536472
18536724
18536742
18537246
18537264
18537426
18537462
18537624
18537642
18542367
18542376
18542637
18542673
18542736
18542763
18543267
18543276
18543627
18543672
18543726
18543762
18546237
18546273
18546327
18546372
18546723
18546732
18547236
18547263
18547326
18547362
18547623
18547632
18562347
18562374
18562437
18562473
18562734
18562743
18563247
18563274
18563427
18563472
18563724
18563742
18564237
18564273
18564327
18564372
18564723
18564732
18567234
18567243
18567324
18567342
18567423
18567432
18572346
18572364
18572436
18572463
18572634
18572643
18573246
18573264
18573426
18573462
18573624
18573642
18574236
18574263
18574326
18574362
18574623
18574632
18576234
18576243
18576324
18576342
18576423
18576432
18623457
18623475
18623547
18623574
18623745
18623754
18624357
18624375
18624537
18624573
18624735
18624753
18625347
18625374
18625437
18625473
18625734
18625743
18627345
18627354
18627435
18627453
18627534
18627543
18632457
18632475
18632547
18632574
18632745
18632754
18634257
18634275
18634527
18634572
18634725
18634752
18635247
18635274
18635427
18635472
18635724
18635742
18637245
18637254
18637425
18637452
18637524
18637542
18642357
18642375
18642537
18642573
18642735
18642753
18643257
18643275
18643527
18643572
18643725
18643752
18645237
18645273
18645327
18645372
18645723
18645732
18647235
18647253
18647325
18647352
18647523
18647532
18652347
18652374
18652437
18652473
18652734
18652743
18653247
18653274
18653427
18653472
18653724
18653742
18654237
18654273
18654327
18654372
18654723
18654732
18657234
18657243
18657324
18657342
18657423
18657432
18672345
18672354
18672435
18672453
18672534
18672543
18673245
18673254
18673425
18673452
18673524
18673542
18674235
18674253
18674325
18674352
18674523
18674532
18675234
18675243
18675324
18675342
18675423
18675432
18723456
18723465
18723546
18723564
18723645
18723654
18724356
18724365
18724536
18724563
18724635
18724653
18725346
18725364
18725436
18725463
18725634
18725643
18726345
18726354
18726435
18726453
18726534
18726543
18732456
18732465
18732546
18732564
18732645
18732654
18734256
18734265
18734526
18734562
18734625
18734652
18735246
18735264
18735426
18735462
18735624
18735642
18736245
18736254
18736425
18736452
18736524
18736542
18742356
18742365
18742536
18742563
18742635
18742653
18743256
18743265
18743526
18743562
18743625
18743652
18745236
18745263
18745326
18745362
18745623
18745632
18746235
18746253
18746325
18746352
18746523
18746532
18752346
18752364
18752436
18752463
18752634
18752643
18753246
18753264
18753426
18753462
18753624
18753642
18754236
18754263
18754326
18754362
18754623
18754632
18756234
18756243
18756324
18756342
18756423
18756432
18762345
18762354
18762435
18762453
18762534
18762543
18763245
18763254
18763425
18763452
18763524
18763542
18764235
18764253
18764325
18764352
18764523
18764532
18765234
18765243
18765324
18765342
18765423
18765432
