21345678
21345687
21345768
21345786
21345867
21345876
21346578
21346587
21346758
21346785
21346857
21346875
21347568
21347586
21347658
21347685
21347856
21347865
21348567
21348576
21348657
21348675
21348756
21348765
21354678
21354687
21354768
21354786
21354867
21354876
21356478
21356487
21356748
21356784
21356847
21356874
21357468
21357486
21357648
21357684
21357846
21357864
21358467
21358476
21358647
21358674
21358746
21358764
21364578
21364587
21364758
21364785
21364857
21364875
21365478
21365487
21365748
21365784
21365847
21365874
21367458
21367485
21367548
21367584
21367845
21367854
21368457
21368475
21368547
21368574
21368745
21368754
21374568
21374586
21374658
21374685
21374856
21374865
21375468
21375486
21375648
21375684
21375846
21375864
21376458
21376485
21376548
21376584
21376845
21376854
21378456
21378465
21378546
21378564
21378645
21378654
21384567
21384576
21384657
21384675
21384756
21384765
21385467
21385476
21385647
21385674
21385746
21385764
21386457
21386475
21386547
21386574
21386745
21386754
21387456
21387465
21387546
21387564
21387645
21387654
21435678
21435687
21435768
21435786
21435867
21435876
21436578
21436587
21436758
21436785
21436857
21436875
21437568
21437586
21437658
21437685
21437856
21437865
21438567
21438576
21438657
21438675
21438756
21438765
21453678
21453687
21453768
21453786
21453867
21453876
21456378
21456387
21456738
21456783
21456837
21456873
21457368
21457386
21457638
21457683
21457836
21457863
21458367
21458376
21458637
21458673
21458736
21458763
21463578
21463587
21463758
21463785
21463857
21463875
21465378
21465387
21465738
21465783
21465837
21465873
21467358
21467385
21467538
21467583
21467835
21467853
21468357
21468375
21468537
21468573
21468735
21468753
21473568
21473586
21473658
21473685
21473856
21473865
21475368
21475386
21475638
21475683
21475836
21475863
21476358
21476385
21476538
21476583
21476835
21476853
21478356
21478365
21478536
21478563
21478635
21478653
21483567
21483576
21483657
21483675
21483756
21483765
21485367
21485376
21485637
21485673
21485736
21485763
21486357
21486375
21486537
21486573
21486735
21486753
21487356
21487365
21487536
21487563
21487635
21487653
21534678
21534687
21534768
21534786
21534867
21534876
21536478
21536487
21536748
21536784
21536847
21536874
21537468
21537486
21537648
21537684
21537846
21537864
21538467
21538476
21538647
21538674
21538746
21538764
21543678
21543687
21543768
21543786
21543867
21543876
21546378
21546387
21546738
21546783
21546837
21546873
21547368
21547386
21547638
21547683
21547836
21547863
21548367
21548376
21548637
21548673
21548736
21548763
21563478
21563487
21563748
21563784
21563847
21563874
21564378
21564387
21564738
21564783
21564837
21564873
21567348
21567384
21567438
21567483
21567834
21567843
21568347
21568374
21568437
21568473
21568734
21568743
21573468
21573486
21573648
21573684
21573846
21573864
21574368
21574386
21574638
21574683
21574836
21574863
21576348
21576384
21576438
21576483
21576834
21576843
21578346
21578364
21578436
21578463
21578634
21578643
21583467
21583476
21583647
21583674
21583746
21583764
21584367
21584376
21584637
21584673
21584736
21584763
21586347
21586374
21586437
21586473
21586734
21586743
21587346
21587364
21587436
21587463
21587634
21587643
21634578
21634587
21634758
21634785
21634857
21634875
21635478
21635487
21635748
21635784
21635847
21635874
21637458
21637485
21637548
21637584
21637845
21637854
21638457
21638475
21638547
21638574
21638745
21638754
21643578
21643587
21643758
21643785
21643857
21643875
21645378
21645387
21645738
21645783
21645837
21645873
21647358
21647385
21647538
21647583
21647835
21647853
21648357
21648375
21648537
21648573
21648735
21648753
21653478
21653487
21653748
21653784
21653847
21653874
21654378
21654387
21654738
21654783
21654837
21654873
21657348
21657384
21657438
21657483
21657834
21657843
21658347
21658374
21658437
21658473
21658734
21658743
21673458
21673485
21673548
21673584
21673845
21673854
21674358
21674385
21674538
21674583
21674835
21674853
21675348
21675384
21675438
21675483
21675834
21675843
21678345
21678354
21678435
21678453
21678534
21678543
21683457
21683475
21683547
21683574
21683745
21683754
21684357
21684375
21684537
21684573
21684735
21684753
21685347
21685374
21685437
21685473
21685734
21685743
21687345
21687354
21687435
21687453
21687534
21687543
21734568
21734586
21734658
21734685
21734856
21734865
21735468
21735486
21735648
21735684
21735846
21735864
21736458
21736485
21736548
21736584
21736845
21736854
21738456
21738465
21738546
21738564
21738645
21738654
21743568
21743586
21743658
21743685
21743856
21743865
21745368
21745386
21745638
21745683
21745836
21745863
21746358
21746385
21746538
21746583
21746835
21746853
21748356
21748365
21748536
21748563
21748635
21748653
21753468
21753486
21753648
21753684
21753846
21753864
21754368
21754386
21754638
21754683
21754836
21754863
21756348
21756384
21756438
21756483
21756834
21756843
21758346
21758364
21758436
21758463
21758634
21758643
21763458
21763485
21763548
21763584
21763845
21763854
21764358
21764385
21764538
21764583
21764835
21764853
21765348
21765384
21765438
21765483
21765834
21765843
21768345
21768354
21768435
21768453
21768534
21768543
21783456
21783465
21783546
21783564
21783645
21783654
21784356
21784365
21784536
21784563
21784635
21784653
21785346
21785364
21785436
21785463
21785634
21785643
21786345
21786354
21786435
21786453
21786534
21786543
21834567
21834576
21834657
21834675
21834756
21834765
21835467
21835476
21835647
21835674
21835746
21835764
21836457
21836475
21836547
21836574
21836745
21836754
21837456
21837465
21837546
21837564
21837645
21837654
21843567
21843576
21843657
21843675
21843756
21843765
21845367
21845376
21845637
21845673
21845736
21845763
21846357
21846375
21846537
21846573
21846735
21846753
21847356
21847365
21847536
21847563
21847635
21847653
21853467
21853476
21853647
21853674
21853746
21853764
21854367
21854376
21854637
21854673
21854736
21854763
21856347
21856374
21856437
21856473
21856734
21856743
21857346
21857364
21857436
21857463
21857634
21857643
21863457
21863475
21863547
21863574
21863745
21863754
21864357
21864375
21864537
21864573
21864735
21864753
21865347
21865374
21865437
21865473
21865734
21865743
21867345
21867354
21867435
21867453
21867534
21867543
21873456
21873465
21873546
21873564
21873645
21873654
21874356
21874365
21874536
21874563
21874635
21874653
21875346
21875364
21875436
21875463
21875634
21875643
21876345
21876354
21876435
21876453
21876534
21876543
23145678
23145687
23145768
23145786
23145867
23145876
23146578
23146587
23146758
23146785
23146857
23146875
23147568
23147586
23147658
23147685
23147856
23147865
23148567
23148576
23148657
23148675
23148756
23148765
23154678
23154687
23154768
23154786
23154867
23154876
23156478
23156487
23156748
23156784
23156847
23156874
23157468
23157486
23157648
23157684
23157846
23157864
23158467
23158476
23158647
23158674
23158746
23158764
23164578
23164587
23164758
23164785
23164857
23164875
23165478
23165487
23165748
23165784
23165847
23165874
23167458
23167485
23167548
23167584
23167845
23167854
23168457
23168475
23168547
23168574
23168745
23168754
23174568
23174586
23174658
23174685
23174856
23174865
23175468
23175486
23175648
23175684
23175846
23175864
23176458
23176485
23176548
23176584
23176845
23176854
23178456
23178465
23178546
23178564
23178645
23178654
23184567
23184576
23184657
23184675
23184756
23184765
23185467
23185476
23185647
23185674
23185746
23185764
23186457
23186475
23186547
23186574
23186745
23186754
23187456
23187465
23187546
23187564
23187645
23187654
23415678
23415687
23415768
23415786
23415867
23415876
23416578
23416587
23416758
23416785
23416857
23416875
23417568
23417586
23417658
23417685
23417856
23417865
23418567
23418576
23418657
23418675
23418756
23418765
23451678
23451687
23451768
23451786
23451867
23451876
23456178
23456187
23456718
23456781
23456817
23456871
23457168
23457186
23457618
23457681
23457816
23457861
23458167
23458176
23458617
23458671
23458716
23458761
23461578
23461587
23461758
23461785
23461857
23461875
23465178
23465187
23465718
23465781
23465817
23465871
23467158
23467185
23467518
23467581
23467815
23467851
23468157
23468175
23468517
23468571
23468715
23468751
23471568
23471586
23471658
23471685
23471856
23471865
23475168
23475186
23475618
23475681
23475816
23475861
23476158
23476185
23476518
23476581
23476815
23476851
23478156
23478165
23478516
23478561
23478615
23478651
23481567
23481576
23481657
23481675
23481756
23481765
23485167
23485176
23485617
23485671
23485716
23485761
23486157
23486175
23486517
23486571
23486715
23486751
23487156
23487165
23487516
23487561
23487615
23487651
23514678
23514687
23514768
23514786
23514867
23514876
23516478
23516487
23516748
23516784
23516847
23516874
23517468
23517486
23517648
23517684
23517846
23517864
23518467
23518476
23518647
23518674
23518746
23518764
23541678
23541687
23541768
23541786
23541867
23541876
23546178
23546187
23546718
23546781
23546817
23546871
23547168
23547186
23547618
23547681
23547816
23547861
23548167
23548176
23548617
23548671
23548716
23548761
23561478
23561487
23561748
23561784
23561847
23561874
23564178
23564187
23564718
23564781
23564817
23564871
23567148
23567184
23567418
23567481
23567814
23567841
23568147
23568174
23568417
23568471
23568714
23568741
23571468
23571486
23571648
23571684
23571846
23571864
23574168
23574186
23574618
23574681
23574816
23574861
23576148
23576184
23576418
23576481
23576814
23576841
23578146
23578164
23578416
23578461
23578614
23578641
23581467
23581476
23581647
23581674
23581746
23581764
23584167
23584176
23584617
23584671
23584716
23584761
23586147
23586174
23586417
23586471
23586714
23586741
23587146
23587164
23587416
23587461
23587614
23587641
23614578
23614587
23614758
23614785
23614857
23614875
23615478
23615487
23615748
23615784
23615847
23615874
23617458
23617485
23617548
23617584
23617845
23617854
23618457
23618475
23618547
23618574
23618745
23618754
23641578
23641587
23641758
23641785
23641857
23641875
23645178
23645187
23645718
23645781
23645817
23645871
23647158
23647185
23647518
23647581
23647815
23647851
23648157
23648175
23648517
23648571
23648715
23648751
23651478
23651487
23651748
23651784
23651847
23651874
23654178
23654187
23654718
23654781
23654817
23654871
23657148
23657184
23657418
23657481
23657814
23657841
23658147
23658174
23658417
23658471
23658714
23658741
23671458
23671485
23671548
23671584
23671845
23671854
23674158
23674185
23674518
23674581
23674815
23674851
23675148
23675184
23675418
23675481
23675814
23675841
23678145
23678154
23678415
23678451
23678514
23678541
23681457
23681475
23681547
23681574
23681745
23681754
23684157
23684175
23684517
23684571
23684715
23684751
23685147
23685174
23685417
23685471
23685714
23685741
23687145
23687154
23687415
23687451
23687514
23687541
23714568
23714586
23714658
23714685
23714856
23714865
23715468
23715486
23715648
23715684
23715846
23715864
23716458
23716485
23716548
23716584
23716845
23716854
23718456
23718465
23718546
23718564
23718645
23718654
23741568
23741586
23741658
23741685
23741856
23741865
23745168
23745186
23745618
23745681
23745816
23745861
23746158
23746185
23746518
23746581
23746815
23746851
23748156
23748165
23748516
23748561
23748615
23748651
23751468
23751486
23751648
23751684
23751846
23751864
23754168
23754186
23754618
23754681
23754816
23754861
23756148
23756184
23756418
23756481
23756814
23756841
23758146
23758164
23758416
23758461
23758614
23758641
23761458
23761485
23761548
23761584
23761845
23761854
23764158
23764185
23764518
23764581
23764815
23764851
23765148
23765184
23765418
23765481
23765814
23765841
23768145
23768154
23768415
23768451
23768514
23768541
23781456
23781465
23781546
23781564
23781645
23781654
23784156
23784165
23784516
23784561
23784615
23784651
23785146
23785164
23785416
23785461
23785614
23785641
23786145
23786154
23786415
23786451
23786514
23786541
23814567
23814576
23814657
23814675
23814756
23814765
23815467
23815476
23815647
23815674
23815746
23815764
23816457
23816475
23816547
23816574
23816745
23816754
23817456
23817465
23817546
23817564
23817645
23817654
23841567
23841576
23841657
23841675
23841756
23841765
23845167
23845176
23845617
23845671
23845716
23845761
23846157
23846175
23846517
23846571
23846715
23846751
23847156
23847165
23847516
23847561
23847615
23847651
23851467
23851476
23851647
23851674
23851746
23851764
23854167
23854176
23854617
23854671
23854716
23854761
23856147
23856174
23856417
23856471
23856714
23856741
23857146
23857164
23857416
23857461
23857614
23857641
23861457
23861475
23861547
23861574
23861745
23861754
23864157
23864175
23864517
23864571
23864715
23864751
23865147
23865174
23865417
23865471
23865714
23865741
23867145
23867154
23867415
23867451
23867514
23867541
23871456
23871465
23871546
23871564
23871645
23871654
23874156
23874165
23874516
23874561
23874615
23874651
23875146
23875164
23875416
23875461
23875614
23875641
23876145
23876154
23876415
23876451
23876514
23876541
24135678
24135687
24135768
24135786
24135867
24135876
24136578
24136587
24136758
24136785
24136857
24136875
24137568
24137586
24137658
24137685
24137856
24137865
24138567
24138576
24138657
24138675
24138756
24138765
24153678
24153687
24153768
24153786
24153867
24153876
24156378
24156387
24156738
24156783
24156837
24156873
24157368
24157386
24157638
24157683
24157836
24157863
24158367
24158376
24158637
24158673
24158736
24158763
24163578
24163587
24163758
24163785
24163857
24163875
24165378
24165387
24165738
24165783
24165837
24165873
24167358
24167385
24167538
24167583
24167835
24167853
24168357
24168375
24168537
24168573
24168735
24168753
24173568
24173586
24173658
24173685
24173856
24173865
24175368
24175386
24175638
24175683
24175836
24175863
24176358
24176385
24176538
24176583
24176835
24176853
24178356
24178365
24178536
24178563
24178635
24178653
24183567
24183576
24183657
24183675
24183756
24183765
24185367
24185376
24185637
24185673
24185736
24185763
24186357
24186375
24186537
24186573
24186735
24186753
24187356
24187365
24187536
24187563
24187635
24187653
24315678
24315687
24315768
24315786
24315867
24315876
24316578
24316587
24316758
24316785
24316857
24316875
24317568
24317586
24317658
24317685
24317856
24317865
24318567
24318576
24318657
24318675
24318756
24318765
24351678
24351687
24351768
24351786
24351867
24351876
24356178
24356187
24356718
24356781
24356817
24356871
24357168
24357186
24357618
24357681
24357816
24357861
24358167
24358176
24358617
24358671
24358716
24358761
24361578
24361587
24361758
24361785
24361857
24361875
24365178
24365187
24365718
24365781
24365817
24365871
24367158
24367185
24367518
24367581
24367815
24367851
24368157
24368175
24368517
24368571
24368715
24368751
24371568
24371586
24371658
24371685
24371856
24371865
24375168
24375186
24375618
24375681
24375816
24375861
24376158
24376185
24376518
24376581
24376815
24376851
24378156
24378165
24378516
24378561
24378615
24378651
24381567
24381576
24381657
24381675
24381756
24381765
24385167
24385176
24385617
24385671
24385716
24385761
24386157
24386175
24386517
24386571
24386715
24386751
24387156
24387165
24387516
24387561
24387615
24387651
24513678
24513687
24513768
24513786
24513867
24513876
24516378
24516387
24516738
24516783
24516837
24516873
24517368
24517386
24517638
24517683
24517836
24517863
24518367
24518376
24518637
24518673
24518736
24518763
24531678
24531687
24531768
24531786
24531867
24531876
24536178
24536187
24536718
24536781
24536817
24536871
24537168
24537186
24537618
24537681
24537816
24537861
24538167
24538176
24538617
24538671
24538716
24538761
24561378
24561387
24561738
24561783
24561837
24561873
24563178
24563187
24563718
24563781
24563817
24563871
24567138
24567183
24567318
24567381
24567813
24567831
24568137
24568173
24568317
24568371
24568713
24568731
24571368
24571386
24571638
24571683
24571836
24571863
24573168
24573186
24573618
24573681
24573816
24573861
24576138
24576183
24576318
24576381
24576813
24576831
24578136
24578163
24578316
24578361
24578613
24578631
24581367
24581376
24581637
24581673
24581736
24581763
24583167
24583176
24583617
24583671
24583716
24583761
24586137
24586173
24586317
24586371
24586713
24586731
24587136
24587163
24587316
24587361
24587613
24587631
24613578
24613587
24613758
24613785
24613857
24613875
24615378
24615387
24615738
24615783
24615837
24615873
24617358
24617385
24617538
24617583
24617835
24617853
24618357
24618375
24618537
24618573
24618735
24618753
24631578
24631587
24631758
24631785
24631857
24631875
24635178
24635187
24635718
24635781
24635817
24635871
24637158
24637185
24637518
24637581
24637815
24637851
24638157
24638175
24638517
24638571
24638715
24638751
24651378
24651387
24651738
24651783
24651837
24651873
24653178
24653187
24653718
24653781
24653817
24653871
24657138
24657183
24657318
24657381
24657813
24657831
24658137
24658173
24658317
24658371
24658713
24658731
24671358
24671385
24671538
24671583
24671835
24671853
24673158
24673185
24673518
24673581
24673815
24673851
24675138
24675183
24675318
24675381
24675813
24675831
24678135
24678153
24678315
24678351
24678513
24678531
24681357
24681375
24681537
24681573
24681735
24681753
24683157
24683175
24683517
24683571
24683715
24683751
24685137
24685173
24685317
24685371
24685713
24685731
24687135
24687153
24687315
24687351
24687513
24687531
24713568
24713586
24713658
24713685
24713856
24713865
24715368
24715386
24715638
24715683
24715836
24715863
24716358
24716385
24716538
24716583
24716835
24716853
24718356
24718365
24718536
24718563
24718635
24718653
24731568
24731586
24731658
24731685
24731856
24731865
24735168
24735186
24735618
24735681
24735816
24735861
24736158
24736185
24736518
24736581
24736815
24736851
24738156
24738165
24738516
24738561
24738615
24738651
24751368
24751386
24751638
24751683
24751836
24751863
24753168
24753186
24753618
24753681
24753816
24753861
24756138
24756183
24756318
24756381
24756813
24756831
24758136
24758163
24758316
24758361
24758613
24758631
24761358
24761385
24761538
24761583
24761835
24761853
24763158
24763185
24763518
24763581
24763815
24763851
24765138
24765183
24765318
24765381
24765813
24765831
24768135
24768153
24768315
24768351
24768513
24768531
24781356
24781365
24781536
24781563
24781635
24781653
24783156
24783165
24783516
24783561
24783615
24783651
24785136
24785163
24785316
24785361
24785613
24785631
24786135
24786153
24786315
24786351
24786513
24786531
24813567
24813576
24813657
24813675
24813756
24813765
24815367
24815376
24815637
24815673
24815736
24815763
24816357
24816375
24816537
24816573
24816735
24816753
24817356
24817365
24817536
24817563
24817635
24817653
24831567
24831576
24831657
24831675
24831756
24831765
24835167
24835176
24835617
24835671
24835716
24835761
24836157
24836175
24836517
24836571
24836715
24836751
24837156
24837165
24837516
24837561
24837615
24837651
24851367
24851376
24851637
24851673
24851736
24851763
24853167
24853176
24853617
24853671
24853716
24853761
24856137
24856173
24856317
24856371
24856713
24856731
24857136
24857163
24857316
24857361
24857613
24857631
24861357
24861375
24861537
24861573
24861735
24861753
24863157
24863175
24863517
24863571
24863715
24863751
24865137
24865173
24865317
24865371
24865713
24865731
24867135
24867153
24867315
24867351
24867513
24867531
24871356
24871365
24871536
24871563
24871635
24871653
24873156
24873165
24873516
24873561
24873615
24873651
24875136
24875163
24875316
24875361
24875613
24875631
24876135
24876153
24876315
24876351
24876513
24876531
25134678
25134687
25134768
25134786
25134867
25134876
25136478
25136487
25136748
25136784
25136847
25136874
25137468
25137486
25137648
25137684
25137846
25137864
25138467
25138476
25138647
25138674
25138746
25138764
25143678
25143687
25143768
25143786
25143867
25143876
25146378
25146387
25146738
25146783
25146837
25146873
25147368
25147386
25147638
25147683
25147836
25147863
25148367
25148376
25148637
25148673
25148736
25148763
25163478
25163487
25163748
25163784
25163847
25163874
25164378
25164387
25164738
25164783
25164837
25164873
25167348
25167384
25167438
25167483
25167834
25167843
25168347
25168374
25168437
25168473
25168734
25168743
25173468
25173486
25173648
25173684
25173846
25173864
25174368
25174386
25174638
25174683
25174836
25174863
25176348
25176384
25176438
25176483
25176834
25176843
25178346
25178364
25178436
25178463
25178634
25178643
25183467
25183476
25183647
25183674
25183746
25183764
25184367
25184376
25184637
25184673
25184736
25184763
25186347
25186374
25186437
25186473
25186734
25186743
25187346
25187364
25187436
25187463
25187634
25187643
25314678
25314687
25314768
25314786
25314867
25314876
25316478
25316487
25316748
25316784
25316847
25316874
25317468
25317486
25317648
25317684
25317846
25317864
25318467
25318476
25318647
25318674
25318746
25318764
25341678
25341687
25341768
25341786
25341867
25341876
25346178
25346187
25346718
25346781
25346817
25346871
25347168
25347186
25347618
25347681
25347816
25347861
25348167
25348176
25348617
25348671
25348716
25348761
25361478
25361487
25361748
25361784
25361847
25361874
25364178
25364187
25364718
25364781
25364817
25364871
25367148
25367184
25367418
25367481
25367814
25367841
25368147
25368174
25368417
25368471
25368714
25368741
25371468
25371486
25371648
25371684
25371846
25371864
25374168
25374186
25374618
25374681
25374816
25374861
25376148
25376184
25376418
25376481
25376814
25376841
25378146
25378164
25378416
25378461
25378614
25378641
25381467
25381476
25381647
25381674
25381746
25381764
25384167
25384176
25384617
25384671
25384716
25384761
25386147
25386174
25386417
25386471
25386714
25386741
25387146
25387164
25387416
25387461
25387614
25387641
25413678
25413687
25413768
25413786
25413867
25413876
25416378
25416387
25416738
25416783
25416837
25416873
25417368
25417386
25417638
25417683
25417836
25417863
25418367
25418376
25418637
25418673
25418736
25418763
25431678
25431687
25431768
25431786
25431867
25431876
25436178
25436187
25436718
25436781
25436817
25436871
25437168
25437186
25437618
25437681
25437816
25437861
25438167
25438176
25438617
25438671
25438716
25438761
25461378
25461387
25461738
25461783
25461837
25461873
25463178
25463187
25463718
25463781
25463817
25463871
25467138
25467183
25467318
25467381
25467813
25467831
25468137
25468173
25468317
25468371
25468713
25468731
25471368
25471386
25471638
25471683
25471836
25471863
25473168
25473186
25473618
25473681
25473816
25473861
25476138
25476183
25476318
25476381
25476813
25476831
25478136
25478163
25478316
25478361
25478613
25478631
25481367
25481376
25481637
25481673
25481736
25481763
25483167
25483176
25483617
25483671
25483716
25483761
25486137
25486173
25486317
25486371
25486713
25486731
25487136
25487163
25487316
25487361
25487613
25487631
25613478
25613487
25613748
25613784
25613847
25613874
25614378
25614387
25614738
25614783
25614837
25614873
25617348
25617384
25617438
25617483
25617834
25617843
25618347
25618374
25618437
25618473
25618734
25618743
25631478
25631487
25631748
25631784
25631847
25631874
25634178
25634187
25634718
25634781
25634817
25634871
25637148
25637184
25637418
25637481
25637814
25637841
25638147
25638174
25638417
25638471
25638714
25638741
25641378
25641387
25641738
25641783
25641837
25641873
25643178
25643187
25643718
25643781
25643817
25643871
25647138
25647183
25647318
25647381
25647813
25647831
25648137
25648173
25648317
25648371
25648713
25648731
25671348
25671384
25671438
25671483
25671834
25671843
25673148
25673184
25673418
25673481
25673814
25673841
25674138
25674183
25674318
25674381
25674813
25674831
25678134
25678143
25678314
25678341
25678413
25678431
25681347
25681374
25681437
25681473
25681734
25681743
25683147
25683174
25683417
25683471
25683714
25683741
25684137
25684173
25684317
25684371
25684713
25684731
25687134
25687143
25687314
25687341
25687413
25687431
25713468
25713486
25713648
25713684
25713846
25713864
25714368
25714386
25714638
25714683
25714836
25714863
25716348
25716384
25716438
25716483
25716834
25716843
25718346
25718364
25718436
25718463
25718634
25718643
25731468
25731486
25731648
25731684
25731846
25731864
25734168
25734186
25734618
25734681
25734816
25734861
25736148
25736184
25736418
25736481
25736814
25736841
25738146
25738164
25738416
25738461
25738614
25738641
25741368
25741386
25741638
25741683
25741836
25741863
25743168
25743186
25743618
25743681
25743816
25743861
25746138
25746183
25746318
25746381
25746813
25746831
25748136
25748163
25748316
25748361
25748613
25748631
25761348
25761384
25761438
25761483
25761834
25761843
25763148
25763184
25763418
25763481
25763814
25763841
25764138
25764183
25764318
25764381
25764813
25764831
25768134
25768143
25768314
25768341
25768413
25768431
25781346
25781364
25781436
25781463
25781634
25781643
25783146
25783164
25783416
25783461
25783614
25783641
25784136
25784163
25784316
25784361
25784613
25784631
25786134
25786143
25786314
25786341
25786413
25786431
25813467
25813476
25813647
25813674
25813746
25813764
25814367
25814376
25814637
25814673
25814736
25814763
25816347
25816374
25816437
25816473
25816734
25816743
25817346
25817364
25817436
25817463
25817634
25817643
25831467
25831476
25831647
25831674
25831746
25831764
25834167
25834176
25834617
25834671
25834716
25834761
25836147
25836174
25836417
25836471
25836714
25836741
25837146
25837164
25837416
25837461
25837614
25837641
25841367
25841376
25841637
25841673
25841736
25841763
25843167
25843176
25843617
25843671
25843716
25843761
25846137
25846173
25846317
25846371
25846713
25846731
25847136
25847163
25847316
25847361
25847613
25847631
25861347
25861374
25861437
25861473
25861734
25861743
25863147
25863174
25863417
25863471
25863714
25863741
25864137
25864173
25864317
25864371
25864713
25864731
25867134
25867143
25867314
25867341
25867413
25867431
25871346
25871364
25871436
25871463
25871634
25871643
25873146
25873164
25873416
25873461
25873614
25873641
25874136
25874163
25874316
25874361
25874613
25874631
25876134
25876143
25876314
25876341
25876413
25876431
26134578
26134587
26134758
26134785
26134857
26134875
26135478
26135487
26135748
26135784
26135847
26135874
26137458
26137485
26137548
26137584
26137845
26137854
26138457
26138475
26138547
26138574
26138745
26138754
26143578
26143587
26143758
26143785
26143857
26143875
26145378
26145387
26145738
26145783
26145837
26145873
26147358
26147385
26147538
26147583
26147835
26147853
26148357
26148375
26148537
26148573
26148735
26148753
26153478
26153487
26153748
26153784
26153847
26153874
26154378
26154387
26154738
26154783
26154837
26154873
26157348
26157384
26157438
26157483
26157834
26157843
26158347
26158374
26158437
26158473
26158734
26158743
26173458
26173485
26173548
26173584
26173845
26173854
26174358
26174385
26174538
26174583
26174835
26174853
26175348
26175384
26175438
26175483
26175834
26175843
26178345
26178354
26178435
26178453
26178534
26178543
26183457
26183475
26183547
26183574
26183745
26183754
26184357
26184375
26184537
26184573
26184735
26184753
26185347
26185374
26185437
26185473
26185734
26185743
26187345
26187354
26187435
26187453
26187534
26187543
26314578
26314587
26314758
26314785
26314857
26314875
26315478
26315487
26315748
26315784
26315847
26315874
26317458
26317485
26317548
26317584
26317845
26317854
26318457
26318475
26318547
26318574
26318745
26318754
26341578
26341587
26341758
26341785
26341857
26341875
26345178
26345187
26345718
26345781
26345817
26345871
26347158
26347185
26347518
26347581
26347815
26347851
26348157
26348175
26348517
26348571
26348715
26348751
26351478
26351487
26351748
26351784
26351847
26351874
26354178
26354187
26354718
26354781
26354817
26354871
26357148
26357184
26357418
26357481
26357814
26357841
26358147
26358174
26358417
26358471
26358714
26358741
26371458
26371485
26371548
26371584
26371845
26371854
26374158
26374185
26374518
26374581
26374815
26374851
26375148
26375184
26375418
26375481
26375814
26375841
26378145
26378154
26378415
26378451
26378514
26378541
26381457
26381475
26381547
26381574
26381745
26381754
26384157
26384175
26384517
26384571
26384715
26384751
26385147
26385174
26385417
26385471
26385714
26385741
26387145
26387154
26387415
26387451
26387514
26387541
26413578
26413587
26413758
26413785
26413857
26413875
26415378
26415387
26415738
26415783
26415837
26415873
26417358
26417385
26417538
26417583
26417835
26417853
26418357
26418375
26418537
26418573
26418735
26418753
26431578
26431587
26431758
26431785
26431857
26431875
26435178
26435187
26435718
26435781
26435817
26435871
26437158
26437185
26437518
26437581
26437815
26437851
26438157
26438175
26438517
26438571
26438715
26438751
26451378
26451387
26451738
26451783
26451837
26451873
26453178
26453187
26453718
26453781
26453817
26453871
26457138
26457183
26457318
26457381
26457813
26457831
26458137
26458173
26458317
26458371
26458713
26458731
26471358
26471385
26471538
26471583
26471835
26471853
26473158
26473185
26473518
26473581
26473815
26473851
26475138
26475183
26475318
26475381
26475813
26475831
26478135
26478153
26478315
26478351
26478513
26478531
26481357
26481375
26481537
26481573
26481735
26481753
26483157
26483175
26483517
26483571
26483715
26483751
26485137
26485173
26485317
26485371
26485713
26485731
26487135
26487153
26487315
26487351
26487513
26487531
26513478
26513487
26513748
26513784
26513847
26513874
26514378
26514387
26514738
26514783
26514837
26514873
26517348
26517384
26517438
26517483
26517834
26517843
26518347
26518374
26518437
26518473
26518734
26518743
26531478
26531487
26531748
26531784
26531847
26531874
26534178
26534187
26534718
26534781
26534817
26534871
26537148
26537184
26537418
26537481
26537814
26537841
26538147
26538174
26538417
26538471
26538714
26538741
26541378
26541387
26541738
26541783
26541837
26541873
26543178
26543187
26543718
26543781
26543817
26543871
26547138
26547183
26547318
26547381
26547813
26547831
26548137
26548173
26548317
26548371
26548713
26548731
26571348
26571384
26571438
26571483
26571834
26571843
26573148
26573184
26573418
26573481
26573814
26573841
26574138
26574183
26574318
26574381
26574813
26574831
26578134
26578143
26578314
26578341
26578413
26578431
26581347
26581374
26581437
26581473
26581734
26581743
26583147
26583174
26583417
26583471
26583714
26583741
26584137
26584173
26584317
26584371
26584713
26584731
26587134
26587143
26587314
26587341
26587413
26587431
26713458
26713485
26713548
26713584
26713845
26713854
26714358
26714385
26714538
26714583
26714835
26714853
26715348
26715384
26715438
26715483
26715834
26715843
26718345
26718354
26718435
26718453
26718534
26718543
26731458
26731485
26731548
26731584
26731845
26731854
26734158
26734185
26734518
26734581
26734815
26734851
26735148
26735184
26735418
26735481
26735814
26735841
26738145
26738154
26738415
26738451
26738514
26738541
26741358
26741385
26741538
26741583
26741835
26741853
26743158
26743185
26743518
26743581
26743815
26743851
26745138
26745183
26745318
26745381
26745813
26745831
26748135
26748153
26748315
26748351
26748513
26748531
26751348
26751384
26751438
26751483
26751834
26751843
26753148
26753184
26753418
26753481
26753814
26753841
26754138
26754183
26754318
26754381
26754813
26754831
26758134
26758143
26758314
26758341
26758413
26758431
26781345
26781354
26781435
26781453
26781534
26781543
26783145
26783154
26783415
26783451
26783514
26783541
26784135
26784153
26784315
26784351
26784513
26784531
26785134
26785143
26785314
26785341
26785413
26785431
26813457
26813475
26813547
26813574
26813745
26813754
26814357
26814375
26814537
26814573
26814735
26814753
26815347
26815374
26815437
26815473
26815734
26815743
26817345
26817354
26817435
26817453
26817534
26817543
26831457
26831475
26831547
26831574
26831745
26831754
26834157
26834175
26834517
26834571
26834715
26834751
26835147
26835174
26835417
26835471
26835714
26835741
26837145
26837154
26837415
26837451
26837514
26837541
26841357
26841375
26841537
26841573
26841735
26841753
26843157
26843175
26843517
26843571
26843715
26843751
26845137
26845173
26845317
26845371
26845713
26845731
26847135
26847153
26847315
26847351
26847513
26847531
26851347
26851374
26851437
26851473
26851734
26851743
26853147
26853174
26853417
26853471
26853714
26853741
26854137
26854173
26854317
26854371
26854713
26854731
26857134
26857143
26857314
26857341
26857413
26857431
26871345
26871354
26871435
26871453
26871534
26871543
26873145
26873154
26873415
26873451
26873514
26873541
26874135
26874153
26874315
26874351
26874513
26874531
26875134
26875143
26875314
26875341
26875413
26875431
27134568
27134586
27134658
27134685
27134856
27134865
27135468
27135486
27135648
27135684
27135846
27135864
27136458
27136485
27136548
27136584
27136845
27136854
27138456
27138465
27138546
27138564
27138645
27138654
27143568
27143586
27143658
27143685
27143856
27143865
27145368
27145386
27145638
27145683
27145836
27145863
27146358
27146385
27146538
27146583
27146835
27146853
27148356
27148365
27148536
27148563
27148635
27148653
27153468
27153486
27153648
27153684
27153846
27153864
27154368
27154386
27154638
27154683
27154836
27154863
27156348
27156384
27156438
27156483
27156834
27156843
27158346
27158364
27158436
27158463
27158634
27158643
27163458
27163485
27163548
27163584
27163845
27163854
27164358
27164385
27164538
27164583
27164835
27164853
27165348
27165384
27165438
27165483
27165834
27165843
27168345
27168354
27168435
27168453
27168534
27168543
27183456
27183465
27183546
27183564
27183645
27183654
27184356
27184365
27184536
27184563
27184635
27184653
27185346
27185364
27185436
27185463
27185634
27185643
27186345
27186354
27186435
27186453
27186534
27186543
27314568
27314586
27314658
27314685
27314856
27314865
27315468
27315486
27315648
27315684
27315846
27315864
27316458
27316485
27316548
27316584
27316845
27316854
27318456
27318465
27318546
27318564
27318645
27318654
27341568
27341586
27341658
27341685
27341856
27341865
27345168
27345186
27345618
27345681
27345816
27345861
27346158
27346185
27346518
27346581
27346815
27346851
27348156
27348165
27348516
27348561
27348615
27348651
27351468
27351486
27351648
27351684
27351846
27351864
27354168
27354186
27354618
27354681
27354816
27354861
27356148
27356184
27356418
27356481
27356814
27356841
27358146
27358164
27358416
27358461
27358614
27358641
27361458
27361485
27361548
27361584
27361845
27361854
27364158
27364185
27364518
27364581
27364815
27364851
27365148
27365184
27365418
27365481
27365814
27365841
27368145
27368154
27368415
27368451
27368514
27368541
27381456
27381465
27381546
27381564
27381645
27381654
27384156
27384165
27384516
27384561
27384615
27384651
27385146
27385164
27385416
27385461
27385614
27385641
27386145
27386154
27386415
27386451
27386514
27386541
27413568
27413586
27413658
27413685
27413856
27413865
27415368
27415386
27415638
27415683
27415836
27415863
27416358
27416385
27416538
27416583
27416835
27416853
27418356
27418365
27418536
27418563
27418635
27418653
27431568
27431586
27431658
27431685
27431856
27431865
27435168
27435186
27435618
27435681
27435816
27435861
27436158
27436185
27436518
27436581
27436815
27436851
27438156
27438165
27438516
27438561
27438615
27438651
27451368
27451386
27451638
27451683
27451836
27451863
27453168
27453186
27453618
27453681
27453816
27453861
27456138
27456183
27456318
27456381
27456813
27456831
27458136
27458163
27458316
27458361
27458613
27458631
27461358
27461385
27461538
27461583
27461835
27461853
27463158
27463185
27463518
27463581
27463815
27463851
27465138
27465183
27465318
27465381
27465813
27465831
27468135
27468153
27468315
27468351
27468513
27468531
27481356
27481365
27481536
27481563
27481635
27481653
27483156
27483165
27483516
27483561
27483615
27483651
27485136
27485163
27485316
27485361
27485613
27485631
27486135
27486153
27486315
27486351
27486513
27486531
27513468
27513486
27513648
27513684
27513846
27513864
27514368
27514386
27514638
27514683
27514836
27514863
27516348
27516384
27516438
27516483
27516834
27516843
27518346
27518364
27518436
27518463
27518634
27518643
27531468
27531486
27531648
27531684
27531846
27531864
27534168
27534186
27534618
27534681
27534816
27534861
27536148
27536184
27536418
27536481
27536814
27536841
27538146
27538164
27538416
27538461
27538614
27538641
27541368
27541386
27541638
27541683
27541836
27541863
27543168
27543186
27543618
27543681
27543816
27543861
27546138
27546183
27546318
27546381
27546813
27546831
27548136
27548163
27548316
27548361
27548613
27548631
27561348
27561384
27561438
27561483
27561834
27561843
27563148
27563184
27563418
27563481
27563814
27563841
27564138
27564183
27564318
27564381
27564813
27564831
27568134
27568143
27568314
27568341
27568413
27568431
27581346
27581364
27581436
27581463
27581634
27581643
27583146
27583164
27583416
27583461
27583614
27583641
27584136
27584163
27584316
27584361
27584613
27584631
27586134
27586143
27586314
27586341
27586413
27586431
27613458
27613485
27613548
27613584
27613845
27613854
27614358
27614385
27614538
27614583
27614835
27614853
27615348
27615384
27615438
27615483
27615834
27615843
27618345
27618354
27618435
27618453
27618534
27618543
27631458
27631485
27631548
27631584
27631845
27631854
27634158
27634185
27634518
27634581
27634815
27634851
27635148
27635184
27635418
27635481
27635814
27635841
27638145
27638154
27638415
27638451
27638514
27638541
27641358
27641385
27641538
27641583
27641835
27641853
27643158
27643185
27643518
27643581
27643815
27643851
27645138
27645183
27645318
27645381
27645813
27645831
27648135
27648153
27648315
27648351
27648513
27648531
27651348
27651384
27651438
27651483
27651834
27651843
27653148
27653184
27653418
27653481
27653814
27653841
27654138
27654183
27654318
27654381
27654813
27654831
27658134
27658143
27658314
27658341
27658413
27658431
27681345
27681354
27681435
27681453
27681534
27681543
27683145
27683154
27683415
27683451
27683514
27683541
27684135
27684153
27684315
27684351
27684513
27684531
27685134
27685143
27685314
27685341
27685413
27685431
27813456
27813465
27813546
27813564
27813645
27813654
27814356
27814365
27814536
27814563
27814635
27814653
27815346
27815364
27815436
27815463
27815634
27815643
27816345
27816354
27816435
27816453
27816534
27816543
27831456
27831465
27831546
27831564
27831645
27831654
27834156
27834165
27834516
27834561
27834615
27834651
27835146
27835164
27835416
27835461
27835614
27835641
27836145
27836154
27836415
27836451
27836514
27836541
27841356
27841365
27841536
27841563
27841635
27841653
27843156
27843165
27843516
27843561
27843615
27843651
27845136
27845163
27845316
27845361
27845613
27845631
27846135
27846153
27846315
27846351
27846513
27846531
27851346
27851364
27851436
27851463
27851634
27851643
27853146
27853164
27853416
27853461
27853614
27853641
27854136
27854163
27854316
27854361
27854613
27854631
27856134
27856143
27856314
27856341
27856413
27856431
27861345
27861354
27861435
27861453
27861534
27861543
27863145
27863154
27863415
27863451
27863514
27863541
27864135
27864153
27864315
27864351
27864513
27864531
27865134
27865143
27865314
27865341
27865413
27865431
28134567
28134576
28134657
28134675
28134756
28134765
28135467
28135476
28135647
28135674
28135746
28135764
28136457
28136475
28136547
28136574
28136745
28136754
28137456
28137465
28137546
28137564
28137645
28137654
28143567
28143576
28143657
28143675
28143756
28143765
28145367
28145376
28145637
28145673
28145736
28145763
28146357
28146375
28146537
28146573
28146735
28146753
28147356
28147365
28147536
28147563
28147635
28147653
28153467
28153476
28153647
28153674
28153746
28153764
28154367
28154376
28154637
28154673
28154736
28154763
28156347
28156374
28156437
28156473
28156734
28156743
28157346
28157364
28157436
28157463
28157634
28157643
28163457
28163475
28163547
28163574
28163745
28163754
28164357
28164375
28164537
28164573
28164735
28164753
28165347
28165374
28165437
28165473
28165734
28165743
28167345
28167354
28167435
28167453
28167534
28167543
28173456
28173465
28173546
28173564
28173645
28173654
28174356
28174365
28174536
28174563
28174635
28174653
28175346
28175364
28175436
28175463
28175634
28175643
28176345
28176354
28176435
28176453
28176534
28176543
28314567
28314576
28314657
28314675
28314756
28314765
28315467
28315476
28315647
28315674
28315746
28315764
28316457
28316475
28316547
28316574
28316745
28316754
28317456
28317465
28317546
28317564
28317645
28317654
28341567
28341576
28341657
28341675
28341756
28341765
28345167
28345176
28345617
28345671
28345716
28345761
28346157
28346175
28346517
28346571
28346715
28346751
28347156
28347165
28347516
28347561
28347615
28347651
28351467
28351476
28351647
28351674
28351746
28351764
28354167
28354176
28354617
28354671
28354716
28354761
28356147
28356174
28356417
28356471
28356714
28356741
28357146
28357164
28357416
28357461
28357614
28357641
28361457
28361475
28361547
28361574
28361745
28361754
28364157
28364175
28364517
28364571
28364715
28364751
28365147
28365174
28365417
28365471
28365714
28365741
28367145
28367154
28367415
28367451
28367514
28367541
28371456
28371465
28371546
28371564
28371645
28371654
28374156
28374165
28374516
28374561
28374615
28374651
28375146
28375164
28375416
28375461
28375614
28375641
28376145
28376154
28376415
28376451
28376514
28376541
28413567
28413576
28413657
28413675
28413756
28413765
28415367
28415376
28415637
28415673
28415736
28415763
28416357
28416375
28416537
28416573
28416735
28416753
28417356
28417365
28417536
28417563
28417635
28417653
28431567
28431576
28431657
28431675
28431756
28431765
28435167
28435176
28435617
28435671
28435716
28435761
28436157
28436175
28436517
28436571
28436715
28436751
28437156
28437165
28437516
28437561
28437615
28437651
28451367
28451376
28451637
28451673
28451736
28451763
28453167
28453176
28453617
28453671
28453716
28453761
28456137
28456173
28456317
28456371
28456713
28456731
28457136
28457163
28457316
28457361
28457613
28457631
28461357
28461375
28461537
28461573
28461735
28461753
28463157
28463175
28463517
28463571
28463715
28463751
28465137
28465173
28465317
28465371
28465713
28465731
28467135
28467153
28467315
28467351
28467513
28467531
28471356
28471365
28471536
28471563
28471635
28471653
28473156
28473165
28473516
28473561
28473615
28473651
28475136
28475163
28475316
28475361
28475613
28475631
28476135
28476153
28476315
28476351
28476513
28476531
28513467
28513476
28513647
28513674
28513746
28513764
28514367
28514376
28514637
28514673
28514736
28514763
28516347
28516374
28516437
28516473
28516734
28516743
28517346
28517364
28517436
28517463
28517634
28517643
28531467
28531476
28531647
28531674
28531746
28531764
28534167
28534176
28534617
28534671
28534716
28534761
28536147
28536174
28536417
28536471
28536714
28536741
28537146
28537164
28537416
28537461
28537614
28537641
28541367
28541376
28541637
28541673
28541736
28541763
28543167
28543176
28543617
28543671
28543716
28543761
28546137
28546173
28546317
28546371
28546713
28546731
28547136
28547163
28547316
28547361
28547613
28547631
28561347
28561374
28561437
28561473
28561734
28561743
28563147
28563174
28563417
28563471
28563714
28563741
28564137
28564173
28564317
28564371
28564713
28564731
28567134
28567143
28567314
28567341
28567413
28567431
28571346
28571364
28571436
28571463
28571634
28571643
28573146
28573164
28573416
28573461
28573614
28573641
28574136
28574163
28574316
28574361
28574613
28574631
28576134
28576143
28576314
28576341
28576413
28576431
28613457
28613475
28613547
28613574
28613745
28613754
28614357
28614375
28614537
28614573
28614735
28614753
28615347
28615374
28615437
28615473
28615734
28615743
28617345
28617354
28617435
28617453
28617534
28617543
28631457
28631475
28631547
28631574
28631745
28631754
28634157
28634175
28634517
28634571
28634715
28634751
28635147
28635174
28635417
28635471
28635714
28635741
28637145
28637154
28637415
28637451
28637514
28637541
28641357
28641375
28641537
28641573
28641735
28641753
28643157
28643175
28643517
28643571
28643715
28643751
28645137
28645173
28645317
28645371
28645713
28645731
28647135
28647153
28647315
28647351
28647513
28647531
28651347
28651374
28651437
28651473
28651734
28651743
28653147
28653174
28653417
28653471
28653714
28653741
28654137
28654173
28654317
28654371
28654713
28654731
28657134
28657143
28657314
28657341
28657413
28657431
28671345
28671354
28671435
28671453
28671534
28671543
28673145
28673154
28673415
28673451
28673514
28673541
28674135
28674153
28674315
28674351
28674513
28674531
28675134
28675143
28675314
28675341
28675413
28675431
28713456
28713465
28713546
28713564
28713645
28713654
28714356
28714365
28714536
28714563
28714635
28714653
28715346
28715364
28715436
28715463
28715634
28715643
28716345
28716354
28716435
28716453
28716534
28716543
28731456
28731465
28731546
28731564
28731645
28731654
28734156
28734165
28734516
28734561
28734615
28734651
28735146
28735164
28735416
28735461
28735614
28735641
28736145
28736154
28736415
28736451
28736514
28736541
28741356
28741365
28741536
28741563
28741635
28741653
28743156
28743165
28743516
28743561
28743615
28743651
28745136
28745163
28745316
28745361
28745613
28745631
28746135
28746153
28746315
28746351
28746513
28746531
28751346
28751364
28751436
28751463
28751634
28751643
28753146
28753164
28753416
28753461
28753614
28753641
28754136
28754163
28754316
28754361
28754613
28754631
28756134
28756143
28756314
28756341
28756413
28756431
28761345
28761354
28761435
28761453
28761534
28761543
28763145
28763154
28763415
28763451
28763514
28763541
28764135
28764153
28764315
28764351
28764513
28764531
28765134
28765143
28765314
28765341
28765413
28765431
