31245678
31245687
31245768
31245786
31245867
31245876
31246578
31246587
31246758
31246785
31246857
31246875
31247568
31247586
31247658
31247685
31247856
31247865
31248567
31248576
31248657
31248675
31248756
31248765
31254678
31254687
31254768
31254786
31254867
31254876
31256478
31256487
31256748
31256784
31256847
31256874
31257468
31257486
31257648
31257684
31257846
31257864
31258467
31258476
31258647
31258674
31258746
31258764
31264578
31264587
31264758
31264785
31264857
31264875
31265478
31265487
31265748
31265784
31265847
31265874
31267458
31267485
31267548
31267584
31267845
31267854
31268457
31268475
31268547
31268574
31268745
31268754
31274568
31274586
31274658
31274685
31274856
31274865
31275468
31275486
31275648
31275684
31275846
31275864
31276458
31276485
31276548
31276584
31276845
31276854
31278456
31278465
31278546
31278564
31278645
31278654
31284567
31284576
31284657
31284675
31284756
31284765
31285467
31285476
31285647
31285674
31285746
31285764
31286457
31286475
31286547
31286574
31286745
31286754
31287456
31287465
31287546
31287564
31287645
31287654
31425678
31425687
31425768
31425786
31425867
31425876
31426578
31426587
31426758
31426785
31426857
31426875
31427568
31427586
31427658
31427685
31427856
31427865
31428567
31428576
31428657
31428675
31428756
31428765
31452678
31452687
31452768
31452786
31452867
31452876
31456278
31456287
31456728
31456782
31456827
31456872
31457268
31457286
31457628
31457682
31457826
31457862
31458267
31458276
31458627
31458672
31458726
31458762
31462578
31462587
31462758
31462785
31462857
31462875
31465278
31465287
31465728
31465782
31465827
31465872
31467258
31467285
31467528
31467582
31467825
31467852
31468257
31468275
31468527
31468572
31468725
31468752
31472568
31472586
31472658
31472685
31472856
31472865
31475268
31475286
31475628
31475682
31475826
31475862
31476258
31476285
31476528
31476582
31476825
31476852
31478256
31478265
31478526
31478562
31478625
31478652
31482567
31482576
31482657
31482675
31482756
31482765
31485267
31485276
31485627
31485672
31485726
31485762
31486257
31486275
31486527
31486572
31486725
31486752
31487256
31487265
31487526
31487562
31487625
31487652
31524678
31524687
31524768
31524786
31524867
31524876
31526478
31526487
31526748
31526784
31526847
31526874
31527468
31527486
31527648
31527684
31527846
31527864
31528467
31528476
31528647
31528674
31528746
31528764
31542678
31542687
31542768
31542786
31542867
31542876
31546278
31546287
31546728
31546782
31546827
31546872
31547268
31547286
31547628
31547682
31547826
31547862
31548267
31548276
31548627
31548672
31548726
31548762
31562478
31562487
31562748
31562784
31562847
31562874
31564278
31564287
31564728
31564782
31564827
31564872
31567248
31567284
31567428
31567482
31567824
31567842
31568247
31568274
31568427
31568472
31568724
31568742
31572468
31572486
31572648
31572684
31572846
31572864
31574268
31574286
31574628
31574682
31574826
31574862
31576248
31576284
31576428
31576482
31576824
31576842
31578246
31578264
31578426
31578462
31578624
31578642
31582467
31582476
31582647
31582674
31582746
31582764
31584267
31584276
31584627
31584672
31584726
31584762
31586247
31586274
31586427
31586472
31586724
31586742
31587246
31587264
31587426
31587462
31587624
31587642
31624578
31624587
31624758
31624785
31624857
31624875
31625478
31625487
31625748
31625784
31625847
31625874
31627458
31627485
31627548
31627584
31627845
31627854
31628457
31628475
31628547
31628574
31628745
31628754
31642578
31642587
31642758
31642785
31642857
31642875
31645278
31645287
31645728
31645782
31645827
31645872
31647258
31647285
31647528
31647582
31647825
31647852
31648257
31648275
31648527
31648572
31648725
31648752
31652478
31652487
31652748
31652784
31652847
31652874
31654278
31654287
31654728
31654782
31654827
31654872
31657248
31657284
31657428
31657482
31657824
31657842
31658247
31658274
31658427
31658472
31658724
31658742
31672458
31672485
31672548
31672584
31672845
31672854
31674258
31674285
31674528
31674582
31674825
31674852
31675248
31675284
31675428
31675482
31675824
31675842
31678245
31678254
31678425
31678452
31678524
31678542
31682457
31682475
31682547
31682574
31682745
31682754
31684257
31684275
31684527
31684572
31684725
31684752
31685247
31685274
31685427
31685472
31685724
31685742
31687245
31687254
31687425
31687452
31687524
31687542
31724568
31724586
31724658
31724685
31724856
31724865
31725468
31725486
31725648
31725684
31725846
31725864
31726458
31726485
31726548
31726584
31726845
31726854
31728456
31728465
31728546
31728564
31728645
31728654
31742568
31742586
31742658
31742685
31742856
31742865
31745268
31745286
31745628
31745682
31745826
31745862
31746258
31746285
31746528
31746582
31746825
31746852
31748256
31748265
31748526
31748562
31748625
31748652
31752468
31752486
31752648
31752684
31752846
31752864
31754268
31754286
31754628
31754682
31754826
31754862
31756248
31756284
31756428
31756482
31756824
31756842
31758246
31758264
31758426
31758462
31758624
31758642
31762458
31762485
31762548
31762584
31762845
31762854
31764258
31764285
31764528
31764582
31764825
31764852
31765248
31765284
31765428
31765482
31765824
31765842
31768245
31768254
31768425
31768452
31768524
31768542
31782456
31782465
31782546
31782564
31782645
31782654
31784256
31784265
31784526
31784562
31784625
31784652
31785246
31785264
31785426
31785462
31785624
31785642
31786245
31786254
31786425
31786452
31786524
31786542
31824567
31824576
31824657
31824675
31824756
31824765
31825467
31825476
31825647
31825674
31825746
31825764
31826457
31826475
31826547
31826574
31826745
31826754
31827456
31827465
31827546
31827564
31827645
31827654
31842567
31842576
31842657
31842675
31842756
31842765
31845267
31845276
31845627
31845672
31845726
31845762
31846257
31846275
31846527
31846572
31846725
31846752
31847256
31847265
31847526
31847562
31847625
31847652
31852467
31852476
31852647
31852674
31852746
31852764
31854267
31854276
31854627
31854672
31854726
31854762
31856247
31856274
31856427
31856472
31856724
31856742
31857246
31857264
31857426
31857462
31857624
31857642
31862457
31862475
31862547
31862574
31862745
31862754
31864257
31864275
31864527
31864572
31864725
31864752
31865247
31865274
31865427
31865472
31865724
31865742
31867245
31867254
31867425
31867452
31867524
31867542
31872456
31872465
31872546
31872564
31872645
31872654
31874256
31874265
31874526
31874562
31874625
31874652
31875246
31875264
31875426
31875462
31875624
31875642
31876245
31876254
31876425
31876452
31876524
31876542
32145678
32145687
32145768
32145786
32145867
32145876
32146578
32146587
32146758
32146785
32146857
32146875
32147568
32147586
32147658
32147685
32147856
32147865
32148567
32148576
32148657
32148675
32148756
32148765
32154678
32154687
32154768
32154786
32154867
32154876
32156478
32156487
32156748
32156784
32156847
32156874
32157468
32157486
32157648
32157684
32157846
32157864
32158467
32158476
32158647
32158674
32158746
32158764
32164578
32164587
32164758
32164785
32164857
32164875
32165478
32165487
32165748
32165784
32165847
32165874
32167458
32167485
32167548
32167584
32167845
32167854
32168457
32168475
32168547
32168574
32168745
32168754
32174568
32174586
32174658
32174685
32174856
32174865
32175468
32175486
32175648
32175684
32175846
32175864
32176458
32176485
32176548
32176584
32176845
32176854
32178456
32178465
32178546
32178564
32178645
32178654
32184567
32184576
32184657
32184675
32184756
32184765
32185467
32185476
32185647
32185674
32185746
32185764
32186457
32186475
32186547
32186574
32186745
32186754
32187456
32187465
32187546
32187564
32187645
32187654
32415678
32415687
32415768
32415786
32415867
32415876
32416578
32416587
32416758
32416785
32416857
32416875
32417568
32417586
32417658
32417685
32417856
32417865
32418567
32418576
32418657
32418675
32418756
32418765
32451678
32451687
32451768
32451786
32451867
32451876
32456178
32456187
32456718
32456781
32456817
32456871
32457168
32457186
32457618
32457681
32457816
32457861
32458167
32458176
32458617
32458671
32458716
32458761
32461578
32461587
32461758
32461785
32461857
32461875
32465178
32465187
32465718
32465781
32465817
32465871
32467158
32467185
32467518
32467581
32467815
32467851
32468157
32468175
32468517
32468571
32468715
32468751
32471568
32471586
32471658
32471685
32471856
32471865
32475168
32475186
32475618
32475681
32475816
32475861
32476158
32476185
32476518
32476581
32476815
32476851
32478156
32478165
32478516
32478561
32478615
32478651
32481567
32481576
32481657
32481675
32481756
32481765
32485167
32485176
32485617
32485671
32485716
32485761
32486157
32486175
32486517
32486571
32486715
32486751
32487156
32487165
32487516
32487561
32487615
32487651
32514678
32514687
32514768
32514786
32514867
32514876
32516478
32516487
32516748
32516784
32516847
32516874
32517468
32517486
32517648
32517684
32517846
32517864
32518467
32518476
32518647
32518674
32518746
32518764
32541678
32541687
32541768
32541786
32541867
32541876
32546178
32546187
32546718
32546781
32546817
32546871
32547168
32547186
32547618
32547681
32547816
32547861
32548167
32548176
32548617
32548671
32548716
32548761
32561478
32561487
32561748
32561784
32561847
32561874
32564178
32564187
32564718
32564781
32564817
32564871
32567148
32567184
32567418
32567481
32567814
32567841
32568147
32568174
32568417
32568471
32568714
32568741
32571468
32571486
32571648
32571684
32571846
32571864
32574168
32574186
32574618
32574681
32574816
32574861
32576148
32576184
32576418
32576481
32576814
32576841
32578146
32578164
32578416
32578461
32578614
32578641
32581467
32581476
32581647
32581674
32581746
32581764
32584167
32584176
32584617
32584671
32584716
32584761
32586147
32586174
32586417
32586471
32586714
32586741
32587146
32587164
32587416
32587461
32587614
32587641
32614578
32614587
32614758
32614785
32614857
32614875
32615478
32615487
32615748
32615784
32615847
32615874
32617458
32617485
32617548
32617584
32617845
32617854
32618457
32618475
32618547
32618574
32618745
32618754
32641578
32641587
32641758
32641785
32641857
32641875
32645178
32645187
32645718
32645781
32645817
32645871
32647158
32647185
32647518
32647581
32647815
32647851
32648157
32648175
32648517
32648571
32648715
32648751
32651478
32651487
32651748
32651784
32651847
32651874
32654178
32654187
32654718
32654781
32654817
32654871
32657148
32657184
32657418
32657481
32657814
32657841
32658147
32658174
32658417
32658471
32658714
32658741
32671458
32671485
32671548
32671584
32671845
32671854
32674158
32674185
32674518
32674581
32674815
32674851
32675148
32675184
32675418
32675481
32675814
32675841
32678145
32678154
32678415
32678451
32678514
32678541
32681457
32681475
32681547
32681574
32681745
32681754
32684157
32684175
32684517
32684571
32684715
32684751
32685147
32685174
32685417
32685471
32685714
32685741
32687145
32687154
32687415
32687451
32687514
32687541
32714568
32714586
32714658
32714685
32714856
32714865
32715468
32715486
32715648
32715684
32715846
32715864
32716458
32716485
32716548
32716584
32716845
32716854
32718456
32718465
32718546
32718564
32718645
32718654
32741568
32741586
32741658
32741685
32741856
32741865
32745168
32745186
32745618
32745681
32745816
32745861
32746158
32746185
32746518
32746581
32746815
32746851
32748156
32748165
32748516
32748561
32748615
32748651
32751468
32751486
32751648
32751684
32751846
32751864
32754168
32754186
32754618
32754681
32754816
32754861
32756148
32756184
32756418
32756481
32756814
32756841
32758146
32758164
32758416
32758461
32758614
32758641
32761458
32761485
32761548
32761584
32761845
32761854
32764158
32764185
32764518
32764581
32764815
32764851
32765148
32765184
32765418
32765481
32765814
32765841
32768145
32768154
32768415
32768451
32768514
32768541
32781456
32781465
32781546
32781564
32781645
32781654
32784156
32784165
32784516
32784561
32784615
32784651
32785146
32785164
32785416
32785461
32785614
32785641
32786145
32786154
32786415
32786451
32786514
32786541
32814567
32814576
32814657
32814675
32814756
32814765
32815467
32815476
32815647
32815674
32815746
32815764
32816457
32816475
32816547
32816574
32816745
32816754
32817456
32817465
32817546
32817564
32817645
32817654
32841567
32841576
32841657
32841675
32841756
32841765
32845167
32845176
32845617
32845671
32845716
32845761
32846157
32846175
32846517
32846571
32846715
32846751
32847156
32847165
32847516
32847561
32847615
32847651
32851467
32851476
32851647
32851674
32851746
32851764
32854167
32854176
32854617
32854671
32854716
32854761
32856147
32856174
32856417
32856471
32856714
32856741
32857146
32857164
32857416
32857461
32857614
32857641
32861457
32861475
32861547
32861574
32861745
32861754
32864157
32864175
32864517
32864571
32864715
32864751
32865147
32865174
32865417
32865471
32865714
32865741
32867145
32867154
32867415
32867451
32867514
32867541
32871456
32871465
32871546
32871564
32871645
32871654
32874156
32874165
32874516
32874561
32874615
32874651
32875146
32875164
32875416
32875461
32875614
32875641
32876145
32876154
32876415
32876451
32876514
32876541
34125678
34125687
34125768
34125786
34125867
34125876
34126578
34126587
34126758
34126785
34126857
34126875
34127568
34127586
34127658
34127685
34127856
34127865
34128567
34128576
34128657
34128675
34128756
34128765
34152678
34152687
34152768
34152786
34152867
34152876
34156278
34156287
34156728
34156782
34156827
34156872
34157268
34157286
34157628
34157682
34157826
34157862
34158267
34158276
34158627
34158672
34158726
34158762
34162578
34162587
34162758
34162785
34162857
34162875
34165278
34165287
34165728
34165782
34165827
34165872
34167258
34167285
34167528
34167582
34167825
34167852
34168257
34168275
34168527
34168572
34168725
34168752
34172568
34172586
34172658
34172685
34172856
34172865
34175268
34175286
34175628
34175682
34175826
34175862
34176258
34176285
34176528
34176582
34176825
34176852
34178256
34178265
34178526
34178562
34178625
34178652
34182567
34182576
34182657
34182675
34182756
34182765
34185267
34185276
34185627
34185672
34185726
34185762
34186257
34186275
34186527
34186572
34186725
34186752
34187256
34187265
34187526
34187562
34187625
34187652
34215678
34215687
34215768
34215786
34215867
34215876
34216578
34216587
34216758
34216785
34216857
34216875
34217568
34217586
34217658
34217685
34217856
34217865
34218567
34218576
34218657
34218675
34218756
34218765
34251678
34251687
34251768
34251786
34251867
34251876
34256178
34256187
34256718
34256781
34256817
34256871
34257168
34257186
34257618
34257681
34257816
34257861
34258167
34258176
34258617
34258671
34258716
34258761
34261578
34261587
34261758
34261785
34261857
34261875
34265178
34265187
34265718
34265781
34265817
34265871
34267158
34267185
34267518
34267581
34267815
34267851
34268157
34268175
34268517
34268571
34268715
34268751
34271568
34271586
34271658
34271685
34271856
34271865
34275168
34275186
34275618
34275681
34275816
34275861
34276158
34276185
34276518
34276581
34276815
34276851
34278156
34278165
34278516
34278561
34278615
34278651
34281567
34281576
34281657
34281675
34281756
34281765
34285167
34285176
34285617
34285671
34285716
34285761
34286157
34286175
34286517
34286571
34286715
34286751
34287156
34287165
34287516
34287561
34287615
34287651
34512678
34512687
34512768
34512786
34512867
34512876
34516278
34516287
34516728
34516782
34516827
34516872
34517268
34517286
34517628
34517682
34517826
34517862
34518267
34518276
34518627
34518672
34518726
34518762
34521678
34521687
34521768
34521786
34521867
34521876
34526178
34526187
34526718
34526781
34526817
34526871
34527168
34527186
34527618
34527681
34527816
34527861
34528167
34528176
34528617
34528671
34528716
34528761
34561278
34561287
34561728
34561782
34561827
34561872
34562178
34562187
34562718
34562781
34562817
34562871
34567128
34567182
34567218
34567281
34567812
34567821
34568127
34568172
34568217
34568271
34568712
34568721
34571268
34571286
34571628
34571682
34571826
34571862
34572168
34572186
34572618
34572681
34572816
34572861
34576128
34576182
34576218
34576281
34576812
34576821
34578126
34578162
34578216
34578261
34578612
34578621
34581267
34581276
34581627
34581672
34581726
34581762
34582167
34582176
34582617
34582671
34582716
34582761
34586127
34586172
34586217
34586271
34586712
34586721
34587126
34587162
34587216
34587261
34587612
34587621
34612578
34612587
34612758
34612785
34612857
34612875
34615278
34615287
34615728
34615782
34615827
34615872
34617258
34617285
34617528
34617582
34617825
34617852
34618257
34618275
34618527
34618572
34618725
34618752
34621578
34621587
34621758
34621785
34621857
34621875
34625178
34625187
34625718
34625781
34625817
34625871
34627158
34627185
34627518
34627581
34627815
34627851
34628157
34628175
34628517
34628571
34628715
34628751
34651278
34651287
34651728
34651782
34651827
34651872
34652178
34652187
34652718
34652781
34652817
34652871
34657128
34657182
34657218
34657281
34657812
34657821
34658127
34658172
34658217
34658271
34658712
34658721
34671258
34671285
34671528
34671582
34671825
34671852
34672158
34672185
34672518
34672581
34672815
34672851
34675128
34675182
34675218
34675281
34675812
34675821
34678125
34678152
34678215
34678251
34678512
34678521
34681257
34681275
34681527
34681572
34681725
34681752
34682157
34682175
34682517
34682571
34682715
34682751
34685127
34685172
34685217
34685271
34685712
34685721
34687125
34687152
34687215
34687251
34687512
34687521
34712568
34712586
34712658
34712685
34712856
34712865
34715268
34715286
34715628
34715682
34715826
34715862
34716258
34716285
34716528
34716582
34716825
34716852
34718256
34718265
34718526
34718562
34718625
34718652
34721568
34721586
34721658
34721685
34721856
34721865
34725168
34725186
34725618
34725681
34725816
34725861
34726158
34726185
34726518
34726581
34726815
34726851
34728156
34728165
34728516
34728561
34728615
34728651
34751268
34751286
34751628
34751682
34751826
34751862
34752168
34752186
34752618
34752681
34752816
34752861
34756128
34756182
34756218
34756281
34756812
34756821
34758126
34758162
34758216
34758261
34758612
34758621
34761258
34761285
34761528
34761582
34761825
34761852
34762158
34762185
34762518
34762581
34762815
34762851
34765128
34765182
34765218
34765281
34765812
34765821
34768125
34768152
34768215
34768251
34768512
34768521
34781256
34781265
34781526
34781562
34781625
34781652
34782156
34782165
34782516
34782561
34782615
34782651
34785126
34785162
34785216
34785261
34785612
34785621
34786125
34786152
34786215
34786251
34786512
34786521
34812567
34812576
34812657
34812675
34812756
34812765
34815267
34815276
34815627
34815672
34815726
34815762
34816257
34816275
34816527
34816572
34816725
34816752
34817256
34817265
34817526
34817562
34817625
34817652
34821567
34821576
34821657
34821675
34821756
34821765
34825167
34825176
34825617
34825671
34825716
34825761
34826157
34826175
34826517
34826571
34826715
34826751
34827156
34827165
34827516
34827561
34827615
34827651
34851267
34851276
34851627
34851672
34851726
34851762
34852167
34852176
34852617
34852671
34852716
34852761
34856127
34856172
34856217
34856271
34856712
34856721
34857126
34857162
34857216
34857261
34857612
34857621
34861257
34861275
34861527
34861572
34861725
34861752
34862157
34862175
34862517
34862571
34862715
34862751
34865127
34865172
34865217
34865271
34865712
34865721
34867125
34867152
34867215
34867251
34867512
34867521
34871256
34871265
34871526
34871562
34871625
34871652
34872156
34872165
34872516
34872561
34872615
34872651
34875126
34875162
34875216
34875261
34875612
34875621
34876125
34876152
34876215
34876251
34876512
34876521
35124678
35124687
35124768
35124786
35124867
35124876
35126478
35126487
35126748
35126784
35126847
35126874
35127468
35127486
35127648
35127684
35127846
35127864
35128467
35128476
35128647
35128674
35128746
35128764
35142678
35142687
35142768
35142786
35142867
35142876
35146278
35146287
35146728
35146782
35146827
35146872
35147268
35147286
35147628
35147682
35147826
35147862
35148267
35148276
35148627
35148672
35148726
35148762
35162478
35162487
35162748
35162784
35162847
35162874
35164278
35164287
35164728
35164782
35164827
35164872
35167248
35167284
35167428
35167482
35167824
35167842
35168247
35168274
35168427
35168472
35168724
35168742
35172468
35172486
35172648
35172684
35172846
35172864
35174268
35174286
35174628
35174682
35174826
35174862
35176248
35176284
35176428
35176482
35176824
35176842
35178246
35178264
35178426
35178462
35178624
35178642
35182467
35182476
35182647
35182674
35182746
35182764
35184267
35184276
35184627
35184672
35184726
35184762
35186247
35186274
35186427
35186472
35186724
35186742
35187246
35187264
35187426
35187462
35187624
35187642
35214678
35214687
35214768
35214786
35214867
35214876
35216478
35216487
35216748
35216784
35216847
35216874
35217468
35217486
35217648
35217684
35217846
35217864
35218467
35218476
35218647
35218674
35218746
35218764
35241678
35241687
35241768
35241786
35241867
35241876
35246178
35246187
35246718
35246781
35246817
35246871
35247168
35247186
35247618
35247681
35247816
35247861
35248167
35248176
35248617
35248671
35248716
35248761
35261478
35261487
35261748
35261784
35261847
35261874
35264178
35264187
35264718
35264781
35264817
35264871
35267148
35267184
35267418
35267481
35267814
35267841
35268147
35268174
35268417
35268471
35268714
35268741
35271468
35271486
35271648
35271684
35271846
35271864
35274168
35274186
35274618
35274681
35274816
35274861
35276148
35276184
35276418
35276481
35276814
35276841
35278146
35278164
35278416
35278461
35278614
35278641
35281467
35281476
35281647
35281674
35281746
35281764
35284167
35284176
35284617
35284671
35284716
35284761
35286147
35286174
35286417
35286471
35286714
35286741
35287146
35287164
35287416
35287461
35287614
35287641
35412678
35412687
35412768
35412786
35412867
35412876
35416278
35416287
35416728
35416782
35416827
35416872
35417268
35417286
35417628
35417682
35417826
35417862
35418267
35418276
35418627
35418672
35418726
35418762
35421678
35421687
35421768
35421786
35421867
35421876
35426178
35426187
35426718
35426781
35426817
35426871
35427168
35427186
35427618
35427681
35427816
35427861
35428167
35428176
35428617
35428671
35428716
35428761
35461278
35461287
35461728
35461782
35461827
35461872
35462178
35462187
35462718
35462781
35462817
35462871
35467128
35467182
35467218
35467281
35467812
35467821
35468127
35468172
35468217
35468271
35468712
35468721
35471268
35471286
35471628
35471682
35471826
35471862
35472168
35472186
35472618
35472681
35472816
35472861
35476128
35476182
35476218
35476281
35476812
35476821
35478126
35478162
35478216
35478261
35478612
35478621
35481267
35481276
35481627
35481672
35481726
35481762
35482167
35482176
35482617
35482671
35482716
35482761
35486127
35486172
35486217
35486271
35486712
35486721
35487126
35487162
35487216
35487261
35487612
35487621
35612478
35612487
35612748
35612784
35612847
35612874
35614278
35614287
35614728
35614782
35614827
35614872
35617248
35617284
35617428
35617482
35617824
35617842
35618247
35618274
35618427
35618472
35618724
35618742
35621478
35621487
35621748
35621784
35621847
35621874
35624178
35624187
35624718
35624781
35624817
35624871
35627148
35627184
35627418
35627481
35627814
35627841
35628147
35628174
35628417
35628471
35628714
35628741
35641278
35641287
35641728
35641782
35641827
35641872
35642178
35642187
35642718
35642781
35642817
35642871
35647128
35647182
35647218
35647281
35647812
35647821
35648127
35648172
35648217
35648271
35648712
35648721
35671248
35671284
35671428
35671482
35671824
35671842
35672148
35672184
35672418
35672481
35672814
35672841
35674128
35674182
35674218
35674281
35674812
35674821
35678124
35678142
35678214
35678241
35678412
35678421
35681247
35681274
35681427
35681472
35681724
35681742
35682147
35682174
35682417
35682471
35682714
35682741
35684127
35684172
35684217
35684271
35684712
35684721
35687124
35687142
35687214
35687241
35687412
35687421
35712468
35712486
35712648
35712684
35712846
35712864
35714268
35714286
35714628
35714682
35714826
35714862
35716248
35716284
35716428
35716482
35716824
35716842
35718246
35718264
35718426
35718462
35718624
35718642
35721468
35721486
35721648
35721684
35721846
35721864
35724168
35724186
35724618
35724681
35724816
35724861
35726148
35726184
35726418
35726481
35726814
35726841
35728146
35728164
35728416
35728461
35728614
35728641
35741268
35741286
35741628
35741682
35741826
35741862
35742168
35742186
35742618
35742681
35742816
35742861
35746128
35746182
35746218
35746281
35746812
35746821
35748126
35748162
35748216
35748261
35748612
35748621
35761248
35761284
35761428
35761482
35761824
35761842
35762148
35762184
35762418
35762481
35762814
35762841
35764128
35764182
35764218
35764281
35764812
35764821
35768124
35768142
35768214
35768241
35768412
35768421
35781246
35781264
35781426
35781462
35781624
35781642
35782146
35782164
35782416
35782461
35782614
35782641
35784126
35784162
35784216
35784261
35784612
35784621
35786124
35786142
35786214
35786241
35786412
35786421
35812467
35812476
35812647
35812674
35812746
35812764
35814267
35814276
35814627
35814672
35814726
35814762
35816247
35816274
35816427
35816472
35816724
35816742
35817246
35817264
35817426
35817462
35817624
35817642
35821467
35821476
35821647
35821674
35821746
35821764
35824167
35824176
35824617
35824671
35824716
35824761
35826147
35826174
35826417
35826471
35826714
35826741
35827146
35827164
35827416
35827461
35827614
35827641
35841267
35841276
35841627
35841672
35841726
35841762
35842167
35842176
35842617
35842671
35842716
35842761
35846127
35846172
35846217
35846271
35846712
35846721
35847126
35847162
35847216
35847261
35847612
35847621
35861247
35861274
35861427
35861472
35861724
35861742
35862147
35862174
35862417
35862471
35862714
35862741
35864127
35864172
35864217
35864271
35864712
35864721
35867124
35867142
35867214
35867241
35867412
35867421
35871246
35871264
35871426
35871462
35871624
35871642
35872146
35872164
35872416
35872461
35872614
35872641
35874126
35874162
35874216
35874261
35874612
35874621
35876124
35876142
35876214
35876241
35876412
35876421
36124578
36124587
36124758
36124785
36124857
36124875
36125478
36125487
36125748
36125784
36125847
36125874
36127458
36127485
36127548
36127584
36127845
36127854
36128457
36128475
36128547
36128574
36128745
36128754
36142578
36142587
36142758
36142785
36142857
36142875
36145278
36145287
36145728
36145782
36145827
36145872
36147258
36147285
36147528
36147582
36147825
36147852
36148257
36148275
36148527
36148572
36148725
36148752
36152478
36152487
36152748
36152784
36152847
36152874
36154278
36154287
36154728
36154782
36154827
36154872
36157248
36157284
36157428
36157482
36157824
36157842
36158247
36158274
36158427
36158472
36158724
36158742
36172458
36172485
36172548
36172584
36172845
36172854
36174258
36174285
36174528
36174582
36174825
36174852
36175248
36175284
36175428
36175482
36175824
36175842
36178245
36178254
36178425
36178452
36178524
36178542
36182457
36182475
36182547
36182574
36182745
36182754
36184257
36184275
36184527
36184572
36184725
36184752
36185247
36185274
36185427
36185472
36185724
36185742
36187245
36187254
36187425
36187452
36187524
36187542
36214578
36214587
36214758
36214785
36214857
36214875
36215478
36215487
36215748
36215784
36215847
36215874
36217458
36217485
36217548
36217584
36217845
36217854
36218457
36218475
36218547
36218574
36218745
36218754
36241578
36241587
36241758
36241785
36241857
36241875
36245178
36245187
36245718
36245781
36245817
36245871
36247158
36247185
36247518
36247581
36247815
36247851
36248157
36248175
36248517
36248571
36248715
36248751
36251478
36251487
36251748
36251784
36251847
36251874
36254178
36254187
36254718
36254781
36254817
36254871
36257148
36257184
36257418
36257481
36257814
36257841
36258147
36258174
36258417
36258471
36258714
36258741
36271458
36271485
36271548
36271584
36271845
36271854
36274158
36274185
36274518
36274581
36274815
36274851
36275148
36275184
36275418
36275481
36275814
36275841
36278145
36278154
36278415
36278451
36278514
36278541
36281457
36281475
36281547
36281574
36281745
36281754
36284157
36284175
36284517
36284571
36284715
36284751
36285147
36285174
36285417
36285471
36285714
36285741
36287145
36287154
36287415
36287451
36287514
36287541
36412578
36412587
36412758
36412785
36412857
36412875
36415278
36415287
36415728
36415782
36415827
36415872
36417258
36417285
36417528
36417582
36417825
36417852
36418257
36418275
36418527
36418572
36418725
36418752
36421578
36421587
36421758
36421785
36421857
36421875
36425178
36425187
36425718
36425781
36425817
36425871
36427158
36427185
36427518
36427581
36427815
36427851
36428157
36428175
36428517
36428571
36428715
36428751
36451278
36451287
36451728
36451782
36451827
36451872
36452178
36452187
36452718
36452781
36452817
36452871
36457128
36457182
36457218
36457281
36457812
36457821
36458127
36458172
36458217
36458271
36458712
36458721
36471258
36471285
36471528
36471582
36471825
36471852
36472158
36472185
36472518
36472581
36472815
36472851
36475128
36475182
36475218
36475281
36475812
36475821
36478125
36478152
36478215
36478251
36478512
36478521
36481257
36481275
36481527
36481572
36481725
36481752
36482157
36482175
36482517
36482571
36482715
36482751
36485127
36485172
36485217
36485271
36485712
36485721
36487125
36487152
36487215
36487251
36487512
36487521
36512478
36512487
36512748
36512784
36512847
36512874
36514278
36514287
36514728
36514782
36514827
36514872
36517248
36517284
36517428
36517482
36517824
36517842
36518247
36518274
36518427
36518472
36518724
36518742
36521478
36521487
36521748
36521784
36521847
36521874
36524178
36524187
36524718
36524781
36524817
36524871
36527148
36527184
36527418
36527481
36527814
36527841
36528147
36528174
36528417
36528471
36528714
36528741
36541278
36541287
36541728
36541782
36541827
36541872
36542178
36542187
36542718
36542781
36542817
36542871
36547128
36547182
36547218
36547281
36547812
36547821
36548127
36548172
36548217
36548271
36548712
36548721
36571248
36571284
36571428
36571482
36571824
36571842
36572148
36572184
36572418
36572481
36572814
36572841
36574128
36574182
36574218
36574281
36574812
36574821
36578124
36578142
36578214
36578241
36578412
36578421
36581247
36581274
36581427
36581472
36581724
36581742
36582147
36582174
36582417
36582471
36582714
36582741
36584127
36584172
36584217
36584271
36584712
36584721
36587124
36587142
36587214
36587241
36587412
36587421
36712458
36712485
36712548
36712584
36712845
36712854
36714258
36714285
36714528
36714582
36714825
36714852
36715248
36715284
36715428
36715482
36715824
36715842
36718245
36718254
36718425
36718452
36718524
36718542
36721458
36721485
36721548
36721584
36721845
36721854
36724158
36724185
36724518
36724581
36724815
36724851
36725148
36725184
36725418
36725481
36725814
36725841
36728145
36728154
36728415
36728451
36728514
36728541
36741258
36741285
36741528
36741582
36741825
36741852
36742158
36742185
36742518
36742581
36742815
36742851
36745128
36745182
36745218
36745281
36745812
36745821
36748125
36748152
36748215
36748251
36748512
36748521
36751248
36751284
36751428
36751482
36751824
36751842
36752148
36752184
36752418
36752481
36752814
36752841
36754128
36754182
36754218
36754281
36754812
36754821
36758124
36758142
36758214
36758241
36758412
36758421
36781245
36781254
36781425
36781452
36781524
36781542
36782145
36782154
36782415
36782451
36782514
36782541
36784125
36784152
36784215
36784251
36784512
36784521
36785124
36785142
36785214
36785241
36785412
36785421
36812457
36812475
36812547
36812574
36812745
36812754
36814257
36814275
36814527
36814572
36814725
36814752
36815247
36815274
36815427
36815472
36815724
36815742
36817245
36817254
36817425
36817452
36817524
36817542
36821457
36821475
36821547
36821574
36821745
36821754
36824157
36824175
36824517
36824571
36824715
36824751
36825147
36825174
36825417
36825471
36825714
36825741
36827145
36827154
36827415
36827451
36827514
36827541
36841257
36841275
36841527
36841572
36841725
36841752
36842157
36842175
36842517
36842571
36842715
36842751
36845127
36845172
36845217
36845271
36845712
36845721
36847125
36847152
36847215
36847251
36847512
36847521
36851247
36851274
36851427
36851472
36851724
36851742
36852147
36852174
36852417
36852471
36852714
36852741
36854127
36854172
36854217
36854271
36854712
36854721
36857124
36857142
36857214
36857241
36857412
36857421
36871245
36871254
36871425
36871452
36871524
36871542
36872145
36872154
36872415
36872451
36872514
36872541
36874125
36874152
36874215
36874251
36874512
36874521
36875124
36875142
36875214
36875241
36875412
36875421
37124568
37124586
37124658
37124685
37124856
37124865
37125468
37125486
37125648
37125684
37125846
37125864
37126458
37126485
37126548
37126584
37126845
37126854
37128456
37128465
37128546
37128564
37128645
37128654
37142568
37142586
37142658
37142685
37142856
37142865
37145268
37145286
37145628
37145682
37145826
37145862
37146258
37146285
37146528
37146582
37146825
37146852
37148256
37148265
37148526
37148562
37148625
37148652
37152468
37152486
37152648
37152684
37152846
37152864
37154268
37154286
37154628
37154682
37154826
37154862
37156248
37156284
37156428
37156482
37156824
37156842
37158246
37158264
37158426
37158462
37158624
37158642
37162458
37162485
37162548
37162584
37162845
37162854
37164258
37164285
37164528
37164582
37164825
37164852
37165248
37165284
37165428
37165482
37165824
37165842
37168245
37168254
37168425
37168452
37168524
37168542
37182456
37182465
37182546
37182564
37182645
37182654
37184256
37184265
37184526
37184562
37184625
37184652
37185246
37185264
37185426
37185462
37185624
37185642
37186245
37186254
37186425
37186452
37186524
37186542
37214568
37214586
37214658
37214685
37214856
37214865
37215468
37215486
37215648
37215684
37215846
37215864
37216458
37216485
37216548
37216584
37216845
37216854
37218456
37218465
37218546
37218564
37218645
37218654
37241568
37241586
37241658
37241685
37241856
37241865
37245168
37245186
37245618
37245681
37245816
37245861
37246158
37246185
37246518
37246581
37246815
37246851
37248156
37248165
37248516
37248561
37248615
37248651
37251468
37251486
37251648
37251684
37251846
37251864
37254168
37254186
37254618
37254681
37254816
37254861
37256148
37256184
37256418
37256481
37256814
37256841
37258146
37258164
37258416
37258461
37258614
37258641
37261458
37261485
37261548
37261584
37261845
37261854
37264158
37264185
37264518
37264581
37264815
37264851
37265148
37265184
37265418
37265481
37265814
37265841
37268145
37268154
37268415
37268451
37268514
37268541
37281456
37281465
37281546
37281564
37281645
37281654
37284156
37284165
37284516
37284561
37284615
37284651
37285146
37285164
37285416
37285461
37285614
37285641
37286145
37286154
37286415
37286451
37286514
37286541
37412568
37412586
37412658
37412685
37412856
37412865
37415268
37415286
37415628
37415682
37415826
37415862
37416258
37416285
37416528
37416582
37416825
37416852
37418256
37418265
37418526
37418562
37418625
37418652
37421568
37421586
37421658
37421685
37421856
37421865
37425168
37425186
37425618
37425681
37425816
37425861
37426158
37426185
37426518
37426581
37426815
37426851
37428156
37428165
37428516
37428561
37428615
37428651
37451268
37451286
37451628
37451682
37451826
37451862
37452168
37452186
37452618
37452681
37452816
37452861
37456128
37456182
37456218
37456281
37456812
37456821
37458126
37458162
37458216
37458261
37458612
37458621
37461258
37461285
37461528
37461582
37461825
37461852
37462158
37462185
37462518
37462581
37462815
37462851
37465128
37465182
37465218
37465281
37465812
37465821
37468125
37468152
37468215
37468251
37468512
37468521
37481256
37481265
37481526
37481562
37481625
37481652
37482156
37482165
37482516
37482561
37482615
37482651
37485126
37485162
37485216
37485261
37485612
37485621
37486125
37486152
37486215
37486251
37486512
37486521
37512468
37512486
37512648
37512684
37512846
37512864
37514268
37514286
37514628
37514682
37514826
37514862
37516248
37516284
37516428
37516482
37516824
37516842
37518246
37518264
37518426
37518462
37518624
37518642
37521468
37521486
37521648
37521684
37521846
37521864
37524168
37524186
37524618
37524681
37524816
37524861
37526148
37526184
37526418
37526481
37526814
37526841
37528146
37528164
37528416
37528461
37528614
37528641
37541268
37541286
37541628
37541682
37541826
37541862
37542168
37542186
37542618
37542681
37542816
37542861
37546128
37546182
37546218
37546281
37546812
37546821
37548126
37548162
37548216
37548261
37548612
37548621
37561248
37561284
37561428
37561482
37561824
37561842
37562148
37562184
37562418
37562481
37562814
37562841
37564128
37564182
37564218
37564281
37564812
37564821
37568124
37568142
37568214
37568241
37568412
37568421
37581246
37581264
37581426
37581462
37581624
37581642
37582146
37582164
37582416
37582461
37582614
37582641
37584126
37584162
37584216
37584261
37584612
37584621
37586124
37586142
37586214
37586241
37586412
37586421
37612458
37612485
37612548
37612584
37612845
37612854
37614258
37614285
37614528
37614582
37614825
37614852
37615248
37615284
37615428
37615482
37615824
37615842
37618245
37618254
37618425
37618452
37618524
37618542
37621458
37621485
37621548
37621584
37621845
37621854
37624158
37624185
37624518
37624581
37624815
37624851
37625148
37625184
37625418
37625481
37625814
37625841
37628145
37628154
37628415
37628451
37628514
37628541
37641258
37641285
37641528
37641582
37641825
37641852
37642158
37642185
37642518
37642581
37642815
37642851
37645128
37645182
37645218
37645281
37645812
37645821
37648125
37648152
37648215
37648251
37648512
37648521
37651248
37651284
37651428
37651482
37651824
37651842
37652148
37652184
37652418
37652481
37652814
37652841
37654128
37654182
37654218
37654281
37654812
37654821
37658124
37658142
37658214
37658241
37658412
37658421
37681245
37681254
37681425
37681452
37681524
37681542
37682145
37682154
37682415
37682451
37682514
37682541
37684125
37684152
37684215
37684251
37684512
37684521
37685124
37685142
37685214
37685241
37685412
37685421
37812456
37812465
37812546
37812564
37812645
37812654
37814256
37814265
37814526
37814562
37814625
37814652
37815246
37815264
37815426
37815462
37815624
37815642
37816245
37816254
37816425
37816452
37816524
37816542
37821456
37821465
37821546
37821564
37821645
37821654
37824156
37824165
37824516
37824561
37824615
37824651
37825146
37825164
37825416
37825461
37825614
37825641
37826145
37826154
37826415
37826451
37826514
37826541
37841256
37841265
37841526
37841562
37841625
37841652
37842156
37842165
37842516
37842561
37842615
37842651
37845126
37845162
37845216
37845261
37845612
37845621
37846125
37846152
37846215
37846251
37846512
37846521
37851246
37851264
37851426
37851462
37851624
37851642
37852146
37852164
37852416
37852461
37852614
37852641
37854126
37854162
37854216
37854261
37854612
37854621
37856124
37856142
37856214
37856241
37856412
37856421
37861245
37861254
37861425
37861452
37861524
37861542
37862145
37862154
37862415
37862451
37862514
37862541
37864125
37864152
37864215
37864251
37864512
37864521
37865124
37865142
37865214
37865241
37865412
37865421
38124567
38124576
38124657
38124675
38124756
38124765
38125467
38125476
38125647
38125674
38125746
38125764
38126457
38126475
38126547
38126574
38126745
38126754
38127456
38127465
38127546
38127564
38127645
38127654
38142567
38142576
38142657
38142675
38142756
38142765
38145267
38145276
38145627
38145672
38145726
38145762
38146257
38146275
38146527
38146572
38146725
38146752
38147256
38147265
38147526
38147562
38147625
38147652
38152467
38152476
38152647
38152674
38152746
38152764
38154267
38154276
38154627
38154672
38154726
38154762
38156247
38156274
38156427
38156472
38156724
38156742
38157246
38157264
38157426
38157462
38157624
38157642
38162457
38162475
38162547
38162574
38162745
38162754
38164257
38164275
38164527
38164572
38164725
38164752
38165247
38165274
38165427
38165472
38165724
38165742
38167245
38167254
38167425
38167452
38167524
38167542
38172456
38172465
38172546
38172564
38172645
38172654
38174256
38174265
38174526
38174562
38174625
38174652
38175246
38175264
38175426
38175462
38175624
38175642
38176245
38176254
38176425
38176452
38176524
38176542
38214567
38214576
38214657
38214675
38214756
38214765
38215467
38215476
38215647
38215674
38215746
38215764
38216457
38216475
38216547
38216574
38216745
38216754
38217456
38217465
38217546
38217564
38217645
38217654
38241567
38241576
38241657
38241675
38241756
38241765
38245167
38245176
38245617
38245671
38245716
38245761
38246157
38246175
38246517
38246571
38246715
38246751
38247156
38247165
38247516
38247561
38247615
38247651
38251467
38251476
38251647
38251674
38251746
38251764
38254167
38254176
38254617
38254671
38254716
38254761
38256147
38256174
38256417
38256471
38256714
38256741
38257146
38257164
38257416
38257461
38257614
38257641
38261457
38261475
38261547
38261574
38261745
38261754
38264157
38264175
38264517
38264571
38264715
38264751
38265147
38265174
38265417
38265471
38265714
38265741
38267145
38267154
38267415
38267451
38267514
38267541
38271456
38271465
38271546
38271564
38271645
38271654
38274156
38274165
38274516
38274561
38274615
38274651
38275146
38275164
38275416
38275461
38275614
38275641
38276145
38276154
38276415
38276451
38276514
38276541
38412567
38412576
38412657
38412675
38412756
38412765
38415267
38415276
38415627
38415672
38415726
38415762
38416257
38416275
38416527
38416572
38416725
38416752
38417256
38417265
38417526
38417562
38417625
38417652
38421567
38421576
38421657
38421675
38421756
38421765
38425167
38425176
38425617
38425671
38425716
38425761
38426157
38426175
38426517
38426571
38426715
38426751
38427156
38427165
38427516
38427561
38427615
38427651
38451267
38451276
38451627
38451672
38451726
38451762
38452167
38452176
38452617
38452671
38452716
38452761
38456127
38456172
38456217
38456271
38456712
38456721
38457126
38457162
38457216
38457261
38457612
38457621
38461257
38461275
38461527
38461572
38461725
38461752
38462157
38462175
38462517
38462571
38462715
38462751
38465127
38465172
38465217
38465271
38465712
38465721
38467125
38467152
38467215
38467251
38467512
38467521
38471256
38471265
38471526
38471562
38471625
38471652
38472156
38472165
38472516
38472561
38472615
38472651
38475126
38475162
38475216
38475261
38475612
38475621
38476125
38476152
38476215
38476251
38476512
38476521
38512467
38512476
38512647
38512674
38512746
38512764
38514267
38514276
38514627
38514672
38514726
38514762
38516247
38516274
38516427
38516472
38516724
38516742
38517246
38517264
38517426
38517462
38517624
38517642
38521467
38521476
38521647
38521674
38521746
38521764
38524167
38524176
38524617
38524671
38524716
38524761
38526147
38526174
38526417
38526471
38526714
38526741
38527146
38527164
38527416
38527461
38527614
38527641
38541267
38541276
38541627
38541672
38541726
38541762
38542167
38542176
38542617
38542671
38542716
38542761
38546127
38546172
38546217
38546271
38546712
38546721
38547126
38547162
38547216
38547261
38547612
38547621
38561247
38561274
38561427
38561472
38561724
38561742
38562147
38562174
38562417
38562471
38562714
38562741
38564127
38564172
38564217
38564271
38564712
38564721
38567124
38567142
38567214
38567241
38567412
38567421
38571246
38571264
38571426
38571462
38571624
38571642
38572146
38572164
38572416
38572461
38572614
38572641
38574126
38574162
38574216
38574261
38574612
38574621
38576124
38576142
38576214
38576241
38576412
38576421
38612457
38612475
38612547
38612574
38612745
38612754
38614257
38614275
38614527
38614572
38614725
38614752
38615247
38615274
38615427
38615472
38615724
38615742
38617245
38617254
38617425
38617452
38617524
38617542
38621457
38621475
38621547
38621574
38621745
38621754
38624157
38624175
38624517
38624571
38624715
38624751
38625147
38625174
38625417
38625471
38625714
38625741
38627145
38627154
38627415
38627451
38627514
38627541
38641257
38641275
38641527
38641572
38641725
38641752
38642157
38642175
38642517
38642571
38642715
38642751
38645127
38645172
38645217
38645271
38645712
38645721
38647125
38647152
38647215
38647251
38647512
38647521
38651247
38651274
38651427
38651472
38651724
38651742
38652147
38652174
38652417
38652471
38652714
38652741
38654127
38654172
38654217
38654271
38654712
38654721
38657124
38657142
38657214
38657241
38657412
38657421
38671245
38671254
38671425
38671452
38671524
38671542
38672145
38672154
38672415
38672451
38672514
38672541
38674125
38674152
38674215
38674251
38674512
38674521
38675124
38675142
38675214
38675241
38675412
38675421
38712456
38712465
38712546
38712564
38712645
38712654
38714256
38714265
38714526
38714562
38714625
38714652
38715246
38715264
38715426
38715462
38715624
38715642
38716245
38716254
38716425
38716452
38716524
38716542
38721456
38721465
38721546
38721564
38721645
38721654
38724156
38724165
38724516
38724561
38724615
38724651
38725146
38725164
38725416
38725461
38725614
38725641
38726145
38726154
38726415
38726451
38726514
38726541
38741256
38741265
38741526
38741562
38741625
38741652
38742156
38742165
38742516
38742561
38742615
38742651
38745126
38745162
38745216
38745261
38745612
38745621
38746125
38746152
38746215
38746251
38746512
38746521
38751246
38751264
38751426
38751462
38751624
38751642
38752146
38752164
38752416
38752461
38752614
38752641
38754126
38754162
38754216
38754261
38754612
38754621
38756124
38756142
38756214
38756241
38756412
38756421
38761245
38761254
38761425
38761452
38761524
38761542
38762145
38762154
38762415
38762451
38762514
38762541
38764125
38764152
38764215
38764251
38764512
38764521
38765124
38765142
38765214
38765241
38765412
38765421
