41235678
41235687
41235768
41235786
41235867
41235876
41236578
41236587
41236758
41236785
41236857
41236875
41237568
41237586
41237658
41237685
41237856
41237865
41238567
41238576
41238657
41238675
41238756
41238765
41253678
41253687
41253768
41253786
41253867
41253876
41256378
41256387
41256738
41256783
41256837
41256873
41257368
41257386
41257638
41257683
41257836
41257863
41258367
41258376
41258637
41258673
41258736
41258763
41263578
41263587
41263758
41263785
41263857
41263875
41265378
41265387
41265738
41265783
41265837
41265873
41267358
41267385
41267538
41267583
41267835
41267853
41268357
41268375
41268537
41268573
41268735
41268753
41273568
41273586
41273658
41273685
41273856
41273865
41275368
41275386
41275638
41275683
41275836
41275863
41276358
41276385
41276538
41276583
41276835
41276853
41278356
41278365
41278536
41278563
41278635
41278653
41283567
41283576
41283657
41283675
41283756
41283765
41285367
41285376
41285637
41285673
41285736
41285763
41286357
41286375
41286537
41286573
41286735
41286753
41287356
41287365
41287536
41287563
41287635
41287653
41325678
41325687
41325768
41325786
41325867
41325876
41326578
41326587
41326758
41326785
41326857
41326875
41327568
41327586
41327658
41327685
41327856
41327865
41328567
41328576
41328657
41328675
41328756
41328765
41352678
41352687
41352768
41352786
41352867
41352876
41356278
41356287
41356728
41356782
41356827
41356872
41357268
41357286
41357628
41357682
41357826
41357862
41358267
41358276
41358627
41358672
41358726
41358762
41362578
41362587
41362758
41362785
41362857
41362875
41365278
41365287
41365728
41365782
41365827
41365872
41367258
41367285
41367528
41367582
41367825
41367852
41368257
41368275
41368527
41368572
41368725
41368752
41372568
41372586
41372658
41372685
41372856
41372865
41375268
41375286
41375628
41375682
41375826
41375862
41376258
41376285
41376528
41376582
41376825
41376852
41378256
41378265
41378526
41378562
41378625
41378652
41382567
41382576
41382657
41382675
41382756
41382765
41385267
41385276
41385627
41385672
41385726
41385762
41386257
41386275
41386527
41386572
41386725
41386752
41387256
41387265
41387526
41387562
41387625
41387652
41523678
41523687
41523768
41523786
41523867
41523876
41526378
41526387
41526738
41526783
41526837
41526873
41527368
41527386
41527638
41527683
41527836
41527863
41528367
41528376
41528637
41528673
41528736
41528763
41532678
41532687
41532768
41532786
41532867
41532876
41536278
41536287
41536728
41536782
41536827
41536872
41537268
41537286
41537628
41537682
41537826
41537862
41538267
41538276
41538627
41538672
41538726
41538762
41562378
41562387
41562738
41562783
41562837
41562873
41563278
41563287
41563728
41563782
41563827
41563872
41567238
41567283
41567328
41567382
41567823
41567832
41568237
41568273
41568327
41568372
41568723
41568732
41572368
41572386
41572638
41572683
41572836
41572863
41573268
41573286
41573628
41573682
41573826
41573862
41576238
41576283
41576328
41576382
41576823
41576832
41578236
41578263
41578326
41578362
41578623
41578632
41582367
41582376
41582637
41582673
41582736
41582763
41583267
41583276
41583627
41583672
41583726
41583762
41586237
41586273
41586327
41586372
41586723
41586732
41587236
41587263
41587326
41587362
41587623
41587632
41623578
41623587
41623758
41623785
41623857
41623875
41625378
41625387
41625738
41625783
41625837
41625873
41627358
41627385
41627538
41627583
41627835
41627853
41628357
41628375
41628537
41628573
41628735
41628753
41632578
41632587
41632758
41632785
41632857
41632875
41635278
41635287
41635728
41635782
41635827
41635872
41637258
41637285
41637528
41637582
41637825
41637852
41638257
41638275
41638527
41638572
41638725
41638752
41652378
41652387
41652738
41652783
41652837
41652873
41653278
41653287
41653728
41653782
41653827
41653872
41657238
41657283
41657328
41657382
41657823
41657832
41658237
41658273
41658327
41658372
41658723
41658732
41672358
41672385
41672538
41672583
41672835
41672853
41673258
41673285
41673528
41673582
41673825
41673852
41675238
41675283
41675328
41675382
41675823
41675832
41678235
41678253
41678325
41678352
41678523
41678532
41682357
41682375
41682537
41682573
41682735
41682753
41683257
41683275
41683527
41683572
41683725
41683752
41685237
41685273
41685327
41685372
41685723
41685732
41687235
41687253
41687325
41687352
41687523
41687532
41723568
41723586
41723658
41723685
41723856
41723865
41725368
41725386
41725638
41725683
41725836
41725863
41726358
41726385
41726538
41726583
41726835
41726853
41728356
41728365
41728536
41728563
41728635
41728653
41732568
41732586
41732658
41732685
41732856
41732865
41735268
41735286
41735628
41735682
41735826
41735862
41736258
41736285
41736528
41736582
41736825
41736852
41738256
41738265
41738526
41738562
41738625
41738652
41752368
41752386
41752638
41752683
41752836
41752863
41753268
41753286
41753628
41753682
41753826
41753862
41756238
41756283
41756328
41756382
41756823
41756832
41758236
41758263
41758326
41758362
41758623
41758632
41762358
41762385
41762538
41762583
41762835
41762853
41763258
41763285
41763528
41763582
41763825
41763852
41765238
41765283
41765328
41765382
41765823
41765832
41768235
41768253
41768325
41768352
41768523
41768532
41782356
41782365
41782536
41782563
41782635
41782653
41783256
41783265
41783526
41783562
41783625
41783652
41785236
41785263
41785326
41785362
41785623
41785632
41786235
41786253
41786325
41786352
41786523
41786532
41823567
41823576
41823657
41823675
41823756
41823765
41825367
41825376
41825637
41825673
41825736
41825763
41826357
41826375
41826537
41826573
41826735
41826753
41827356
41827365
41827536
41827563
41827635
41827653
41832567
41832576
41832657
41832675
41832756
41832765
41835267
41835276
41835627
41835672
41835726
41835762
41836257
41836275
41836527
41836572
41836725
41836752
41837256
41837265
41837526
41837562
41837625
41837652
41852367
41852376
41852637
41852673
41852736
41852763
41853267
41853276
41853627
41853672
41853726
41853762
41856237
41856273
41856327
41856372
41856723
41856732
41857236
41857263
41857326
41857362
41857623
41857632
41862357
41862375
41862537
41862573
41862735
41862753
41863257
41863275
41863527
41863572
41863725
41863752
41865237
41865273
41865327
41865372
41865723
41865732
41867235
41867253
41867325
41867352
41867523
41867532
41872356
41872365
41872536
41872563
41872635
41872653
41873256
41873265
41873526
41873562
41873625
41873652
41875236
41875263
41875326
41875362
41875623
41875632
41876235
41876253
41876325
41876352
41876523
41876532
42135678
42135687
42135768
42135786
42135867
42135876
42136578
42136587
42136758
42136785
42136857
42136875
42137568
42137586
42137658
42137685
42137856
42137865
42138567
42138576
42138657
42138675
42138756
42138765
42153678
42153687
42153768
42153786
42153867
42153876
42156378
42156387
42156738
42156783
42156837
42156873
42157368
42157386
42157638
42157683
42157836
42157863
42158367
42158376
42158637
42158673
42158736
42158763
42163578
42163587
42163758
42163785
42163857
42163875
42165378
42165387
42165738
42165783
42165837
42165873
42167358
42167385
42167538
42167583
42167835
42167853
42168357
42168375
42168537
42168573
42168735
42168753
42173568
42173586
42173658
42173685
42173856
42173865
42175368
42175386
42175638
42175683
42175836
42175863
42176358
42176385
42176538
42176583
42176835
42176853
42178356
42178365
42178536
42178563
42178635
42178653
42183567
42183576
42183657
42183675
42183756
42183765
42185367
42185376
42185637
42185673
42185736
42185763
42186357
42186375
42186537
42186573
42186735
42186753
42187356
42187365
42187536
42187563
42187635
42187653
42315678
42315687
42315768
42315786
42315867
42315876
42316578
42316587
42316758
42316785
42316857
42316875
42317568
42317586
42317658
42317685
42317856
42317865
42318567
42318576
42318657
42318675
42318756
42318765
42351678
42351687
42351768
42351786
42351867
42351876
42356178
42356187
42356718
42356781
42356817
42356871
42357168
42357186
42357618
42357681
42357816
42357861
42358167
42358176
42358617
42358671
42358716
42358761
42361578
42361587
42361758
42361785
42361857
42361875
42365178
42365187
42365718
42365781
42365817
42365871
42367158
42367185
42367518
42367581
42367815
42367851
42368157
42368175
42368517
42368571
42368715
42368751
42371568
42371586
42371658
42371685
42371856
42371865
42375168
42375186
42375618
42375681
42375816
42375861
42376158
42376185
42376518
42376581
42376815
42376851
42378156
42378165
42378516
42378561
42378615
42378651
42381567
42381576
42381657
42381675
42381756
42381765
42385167
42385176
42385617
42385671
42385716
42385761
42386157
42386175
42386517
42386571
42386715
42386751
42387156
42387165
42387516
42387561
42387615
42387651
42513678
42513687
42513768
42513786
42513867
42513876
42516378
42516387
42516738
42516783
42516837
42516873
42517368
42517386
42517638
42517683
42517836
42517863
42518367
42518376
42518637
42518673
42518736
42518763
42531678
42531687
42531768
42531786
42531867
42531876
42536178
42536187
42536718
42536781
42536817
42536871
42537168
42537186
42537618
42537681
42537816
42537861
42538167
42538176
42538617
42538671
42538716
42538761
42561378
42561387
42561738
42561783
42561837
42561873
42563178
42563187
42563718
42563781
42563817
42563871
42567138
42567183
42567318
42567381
42567813
42567831
42568137
42568173
42568317
42568371
42568713
42568731
42571368
42571386
42571638
42571683
42571836
42571863
42573168
42573186
42573618
42573681
42573816
42573861
42576138
42576183
42576318
42576381
42576813
42576831
42578136
42578163
42578316
42578361
42578613
42578631
42581367
42581376
42581637
42581673
42581736
42581763
42583167
42583176
42583617
42583671
42583716
42583761
42586137
42586173
42586317
42586371
42586713
42586731
42587136
42587163
42587316
42587361
42587613
42587631
42613578
42613587
42613758
42613785
42613857
42613875
42615378
42615387
42615738
42615783
42615837
42615873
42617358
42617385
42617538
42617583
42617835
42617853
42618357
42618375
42618537
42618573
42618735
42618753
42631578
42631587
42631758
42631785
42631857
42631875
42635178
42635187
42635718
42635781
42635817
42635871
42637158
42637185
42637518
42637581
42637815
42637851
42638157
42638175
42638517
42638571
42638715
42638751
42651378
42651387
42651738
42651783
42651837
42651873
42653178
42653187
42653718
42653781
42653817
42653871
42657138
42657183
42657318
42657381
42657813
42657831
42658137
42658173
42658317
42658371
42658713
42658731
42671358
42671385
42671538
42671583
42671835
42671853
42673158
42673185
42673518
42673581
42673815
42673851
42675138
42675183
42675318
42675381
42675813
42675831
42678135
42678153
42678315
42678351
42678513
42678531
42681357
42681375
42681537
42681573
42681735
42681753
42683157
42683175
42683517
42683571
42683715
42683751
42685137
42685173
42685317
42685371
42685713
42685731
42687135
42687153
42687315
42687351
42687513
42687531
42713568
42713586
42713658
42713685
42713856
42713865
42715368
42715386
42715638
42715683
42715836
42715863
42716358
42716385
42716538
42716583
42716835
42716853
42718356
42718365
42718536
42718563
42718635
42718653
42731568
42731586
42731658
42731685
42731856
42731865
42735168
42735186
42735618
42735681
42735816
42735861
42736158
42736185
42736518
42736581
42736815
42736851
42738156
42738165
42738516
42738561
42738615
42738651
42751368
42751386
42751638
42751683
42751836
42751863
42753168
42753186
42753618
42753681
42753816
42753861
42756138
42756183
42756318
42756381
42756813
42756831
42758136
42758163
42758316
42758361
42758613
42758631
42761358
42761385
42761538
42761583
42761835
42761853
42763158
42763185
42763518
42763581
42763815
42763851
42765138
42765183
42765318
42765381
42765813
42765831
42768135
42768153
42768315
42768351
42768513
42768531
42781356
42781365
42781536
42781563
42781635
42781653
42783156
42783165
42783516
42783561
42783615
42783651
42785136
42785163
42785316
42785361
42785613
42785631
42786135
42786153
42786315
42786351
42786513
42786531
42813567
42813576
42813657
42813675
42813756
42813765
42815367
42815376
42815637
42815673
42815736
42815763
42816357
42816375
42816537
42816573
42816735
42816753
42817356
42817365
42817536
42817563
42817635
42817653
42831567
42831576
42831657
42831675
42831756
42831765
42835167
42835176
42835617
42835671
42835716
42835761
42836157
42836175
42836517
42836571
42836715
42836751
42837156
42837165
42837516
42837561
42837615
42837651
42851367
42851376
42851637
42851673
42851736
42851763
42853167
42853176
42853617
42853671
42853716
42853761
42856137
42856173
42856317
42856371
42856713
42856731
42857136
42857163
42857316
42857361
42857613
42857631
42861357
42861375
42861537
42861573
42861735
42861753
42863157
42863175
42863517
42863571
42863715
42863751
42865137
42865173
42865317
42865371
42865713
42865731
42867135
42867153
42867315
42867351
42867513
42867531
42871356
42871365
42871536
42871563
42871635
42871653
42873156
42873165
42873516
42873561
42873615
42873651
42875136
42875163
42875316
42875361
42875613
42875631
42876135
42876153
42876315
42876351
42876513
42876531
43125678
43125687
43125768
43125786
43125867
43125876
43126578
43126587
43126758
43126785
43126857
43126875
43127568
43127586
43127658
43127685
43127856
43127865
43128567
43128576
43128657
43128675
43128756
43128765
43152678
43152687
43152768
43152786
43152867
43152876
43156278
43156287
43156728
43156782
43156827
43156872
43157268
43157286
43157628
43157682
43157826
43157862
43158267
43158276
43158627
43158672
43158726
43158762
43162578
43162587
43162758
43162785
43162857
43162875
43165278
43165287
43165728
43165782
43165827
43165872
43167258
43167285
43167528
43167582
43167825
43167852
43168257
43168275
43168527
43168572
43168725
43168752
43172568
43172586
43172658
43172685
43172856
43172865
43175268
43175286
43175628
43175682
43175826
43175862
43176258
43176285
43176528
43176582
43176825
43176852
43178256
43178265
43178526
43178562
43178625
43178652
43182567
43182576
43182657
43182675
43182756
43182765
43185267
43185276
43185627
43185672
43185726
43185762
43186257
43186275
43186527
43186572
43186725
43186752
43187256
43187265
43187526
43187562
43187625
43187652
43215678
43215687
43215768
43215786
43215867
43215876
43216578
43216587
43216758
43216785
43216857
43216875
43217568
43217586
43217658
43217685
43217856
43217865
43218567
43218576
43218657
43218675
43218756
43218765
43251678
43251687
43251768
43251786
43251867
43251876
43256178
43256187
43256718
43256781
43256817
43256871
43257168
43257186
43257618
43257681
43257816
43257861
43258167
43258176
43258617
43258671
43258716
43258761
43261578
43261587
43261758
43261785
43261857
43261875
43265178
43265187
43265718
43265781
43265817
43265871
43267158
43267185
43267518
43267581
43267815
43267851
43268157
43268175
43268517
43268571
43268715
43268751
43271568
43271586
43271658
43271685
43271856
43271865
43275168
43275186
43275618
43275681
43275816
43275861
43276158
43276185
43276518
43276581
43276815
43276851
43278156
43278165
43278516
43278561
43278615
43278651
43281567
43281576
43281657
43281675
43281756
43281765
43285167
43285176
43285617
43285671
43285716
43285761
43286157
43286175
43286517
43286571
43286715
43286751
43287156
43287165
43287516
43287561
43287615
43287651
43512678
43512687
43512768
43512786
43512867
43512876
43516278
43516287
43516728
43516782
43516827
43516872
43517268
43517286
43517628
43517682
43517826
43517862
43518267
43518276
43518627
43518672
43518726
43518762
43521678
43521687
43521768
43521786
43521867
43521876
43526178
43526187
43526718
43526781
43526817
43526871
43527168
43527186
43527618
43527681
43527816
43527861
43528167
43528176
43528617
43528671
43528716
43528761
43561278
43561287
43561728
43561782
43561827
43561872
43562178
43562187
43562718
43562781
43562817
43562871
43567128
43567182
43567218
43567281
43567812
43567821
43568127
43568172
43568217
43568271
43568712
43568721
43571268
43571286
43571628
43571682
43571826
43571862
43572168
43572186
43572618
43572681
43572816
43572861
43576128
43576182
43576218
43576281
43576812
43576821
43578126
43578162
43578216
43578261
43578612
43578621
43581267
43581276
43581627
43581672
43581726
43581762
43582167
43582176
43582617
43582671
43582716
43582761
43586127
43586172
43586217
43586271
43586712
43586721
43587126
43587162
43587216
43587261
43587612
43587621
43612578
43612587
43612758
43612785
43612857
43612875
43615278
43615287
43615728
43615782
43615827
43615872
43617258
43617285
43617528
43617582
43617825
43617852
43618257
43618275
43618527
43618572
43618725
43618752
43621578
43621587
43621758
43621785
43621857
43621875
43625178
43625187
43625718
43625781
43625817
43625871
43627158
43627185
43627518
43627581
43627815
43627851
43628157
43628175
43628517
43628571
43628715
43628751
43651278
43651287
43651728
43651782
43651827
43651872
43652178
43652187
43652718
43652781
43652817
43652871
43657128
43657182
43657218
43657281
43657812
43657821
43658127
43658172
43658217
43658271
43658712
43658721
43671258
43671285
43671528
43671582
43671825
43671852
43672158
43672185
43672518
43672581
43672815
43672851
43675128
43675182
43675218
43675281
43675812
43675821
43678125
43678152
43678215
43678251
43678512
43678521
43681257
43681275
43681527
43681572
43681725
43681752
43682157
43682175
43682517
43682571
43682715
43682751
43685127
43685172
43685217
43685271
43685712
43685721
43687125
43687152
43687215
43687251
43687512
43687521
43712568
43712586
43712658
43712685
43712856
43712865
43715268
43715286
43715628
43715682
43715826
43715862
43716258
43716285
43716528
43716582
43716825
43716852
43718256
43718265
43718526
43718562
43718625
43718652
43721568
43721586
43721658
43721685
43721856
43721865
43725168
43725186
43725618
43725681
43725816
43725861
43726158
43726185
43726518
43726581
43726815
43726851
43728156
43728165
43728516
43728561
43728615
43728651
43751268
43751286
43751628
43751682
43751826
43751862
43752168
43752186
43752618
43752681
43752816
43752861
43756128
43756182
43756218
43756281
43756812
43756821
43758126
43758162
43758216
43758261
43758612
43758621
43761258
43761285
43761528
43761582
43761825
43761852
43762158
43762185
43762518
43762581
43762815
43762851
43765128
43765182
43765218
43765281
43765812
43765821
43768125
43768152
43768215
43768251
43768512
43768521
43781256
43781265
43781526
43781562
43781625
43781652
43782156
43782165
43782516
43782561
43782615
43782651
43785126
43785162
43785216
43785261
43785612
43785621
43786125
43786152
43786215
43786251
43786512
43786521
43812567
43812576
43812657
43812675
43812756
43812765
43815267
43815276
43815627
43815672
43815726
43815762
43816257
43816275
43816527
43816572
43816725
43816752
43817256
43817265
43817526
43817562
43817625
43817652
43821567
43821576
43821657
43821675
43821756
43821765
43825167
43825176
43825617
43825671
43825716
43825761
43826157
43826175
43826517
43826571
43826715
43826751
43827156
43827165
43827516
43827561
43827615
43827651
43851267
43851276
43851627
43851672
43851726
43851762
43852167
43852176
43852617
43852671
43852716
43852761
43856127
43856172
43856217
43856271
43856712
43856721
43857126
43857162
43857216
43857261
43857612
43857621
43861257
43861275
43861527
43861572
43861725
43861752
43862157
43862175
43862517
43862571
43862715
43862751
43865127
43865172
43865217
43865271
43865712
43865721
43867125
43867152
43867215
43867251
43867512
43867521
43871256
43871265
43871526
43871562
43871625
43871652
43872156
43872165
43872516
43872561
43872615
43872651
43875126
43875162
43875216
43875261
43875612
43875621
43876125
43876152
43876215
43876251
43876512
43876521
45123678
45123687
45123768
45123786
45123867
45123876
45126378
45126387
45126738
45126783
45126837
45126873
45127368
45127386
45127638
45127683
45127836
45127863
45128367
45128376
45128637
45128673
45128736
45128763
45132678
45132687
45132768
45132786
45132867
45132876
45136278
45136287
45136728
45136782
45136827
45136872
45137268
45137286
45137628
45137682
45137826
45137862
45138267
45138276
45138627
45138672
45138726
45138762
45162378
45162387
45162738
45162783
45162837
45162873
45163278
45163287
45163728
45163782
45163827
45163872
45167238
45167283
45167328
45167382
45167823
45167832
45168237
45168273
45168327
45168372
45168723
45168732
45172368
45172386
45172638
45172683
45172836
45172863
45173268
45173286
45173628
45173682
45173826
45173862
45176238
45176283
45176328
45176382
45176823
45176832
45178236
45178263
45178326
45178362
45178623
45178632
45182367
45182376
45182637
45182673
45182736
45182763
45183267
45183276
45183627
45183672
45183726
45183762
45186237
45186273
45186327
45186372
45186723
45186732
45187236
45187263
45187326
45187362
45187623
45187632
45213678
45213687
45213768
45213786
45213867
45213876
45216378
45216387
45216738
45216783
45216837
45216873
45217368
45217386
45217638
45217683
45217836
45217863
45218367
45218376
45218637
45218673
45218736
45218763
45231678
45231687
45231768
45231786
45231867
45231876
45236178
45236187
45236718
45236781
45236817
45236871
45237168
45237186
45237618
45237681
45237816
45237861
45238167
45238176
45238617
45238671
45238716
45238761
45261378
45261387
45261738
45261783
45261837
45261873
45263178
45263187
45263718
45263781
45263817
45263871
45267138
45267183
45267318
45267381
45267813
45267831
45268137
45268173
45268317
45268371
45268713
45268731
45271368
45271386
45271638
45271683
45271836
45271863
45273168
45273186
45273618
45273681
45273816
45273861
45276138
45276183
45276318
45276381
45276813
45276831
45278136
45278163
45278316
45278361
45278613
45278631
45281367
45281376
45281637
45281673
45281736
45281763
45283167
45283176
45283617
45283671
45283716
45283761
45286137
45286173
45286317
45286371
45286713
45286731
45287136
45287163
45287316
45287361
45287613
45287631
45312678
45312687
45312768
45312786
45312867
45312876
45316278
45316287
45316728
45316782
45316827
45316872
45317268
45317286
45317628
45317682
45317826
45317862
45318267
45318276
45318627
45318672
45318726
45318762
45321678
45321687
45321768
45321786
45321867
45321876
45326178
45326187
45326718
45326781
45326817
45326871
45327168
45327186
45327618
45327681
45327816
45327861
45328167
45328176
45328617
45328671
45328716
45328761
45361278
45361287
45361728
45361782
45361827
45361872
45362178
45362187
45362718
45362781
45362817
45362871
45367128
45367182
45367218
45367281
45367812
45367821
45368127
45368172
45368217
45368271
45368712
45368721
45371268
45371286
45371628
45371682
45371826
45371862
45372168
45372186
45372618
45372681
45372816
45372861
45376128
45376182
45376218
45376281
45376812
45376821
45378126
45378162
45378216
45378261
45378612
45378621
45381267
45381276
45381627
45381672
45381726
45381762
45382167
45382176
45382617
45382671
45382716
45382761
45386127
45386172
45386217
45386271
45386712
45386721
45387126
45387162
45387216
45387261
45387612
45387621
45612378
45612387
45612738
45612783
45612837
45612873
45613278
45613287
45613728
45613782
45613827
45613872
45617238
45617283
45617328
45617382
45617823
45617832
45618237
45618273
45618327
45618372
45618723
45618732
45621378
45621387
45621738
45621783
45621837
45621873
45623178
45623187
45623718
45623781
45623817
45623871
45627138
45627183
45627318
45627381
45627813
45627831
45628137
45628173
45628317
45628371
45628713
45628731
45631278
45631287
45631728
45631782
45631827
45631872
45632178
45632187
45632718
45632781
45632817
45632871
45637128
45637182
45637218
45637281
45637812
45637821
45638127
45638172
45638217
45638271
45638712
45638721
45671238
45671283
45671328
45671382
45671823
45671832
45672138
45672183
45672318
45672381
45672813
45672831
45673128
45673182
45673218
45673281
45673812
45673821
45678123
45678132
45678213
45678231
45678312
45678321
45681237
45681273
45681327
45681372
45681723
45681732
45682137
45682173
45682317
45682371
45682713
45682731
45683127
45683172
45683217
45683271
45683712
45683721
45687123
45687132
45687213
45687231
45687312
45687321
45712368
45712386
45712638
45712683
45712836
45712863
45713268
45713286
45713628
45713682
45713826
45713862
45716238
45716283
45716328
45716382
45716823
45716832
45718236
45718263
45718326
45718362
45718623
45718632
45721368
45721386
45721638
45721683
45721836
45721863
45723168
45723186
45723618
45723681
45723816
45723861
45726138
45726183
45726318
45726381
45726813
45726831
45728136
45728163
45728316
45728361
45728613
45728631
45731268
45731286
45731628
45731682
45731826
45731862
45732168
45732186
45732618
45732681
45732816
45732861
45736128
45736182
45736218
45736281
45736812
45736821
45738126
45738162
45738216
45738261
45738612
45738621
45761238
45761283
45761328
45761382
45761823
45761832
45762138
45762183
45762318
45762381
45762813
45762831
45763128
45763182
45763218
45763281
45763812
45763821
45768123
45768132
45768213
45768231
45768312
45768321
45781236
45781263
45781326
45781362
45781623
45781632
45782136
45782163
45782316
45782361
45782613
45782631
45783126
45783162
45783216
45783261
45783612
45783621
45786123
45786132
45786213
45786231
45786312
45786321
45812367
45812376
45812637
45812673
45812736
45812763
45813267
45813276
45813627
45813672
45813726
45813762
45816237
45816273
45816327
45816372
45816723
45816732
45817236
45817263
45817326
45817362
45817623
45817632
45821367
45821376
45821637
45821673
45821736
45821763
45823167
45823176
45823617
45823671
45823716
45823761
45826137
45826173
45826317
45826371
45826713
45826731
45827136
45827163
45827316
45827361
45827613
45827631
45831267
45831276
45831627
45831672
45831726
45831762
45832167
45832176
45832617
45832671
45832716
45832761
45836127
45836172
45836217
45836271
45836712
45836721
45837126
45837162
45837216
45837261
45837612
45837621
45861237
45861273
45861327
45861372
45861723
45861732
45862137
45862173
45862317
45862371
45862713
45862731
45863127
45863172
45863217
45863271
45863712
45863721
45867123
45867132
45867213
45867231
45867312
45867321
45871236
45871263
45871326
45871362
45871623
45871632
45872136
45872163
45872316
45872361
45872613
45872631
45873126
45873162
45873216
45873261
45873612
45873621
45876123
45876132
45876213
45876231
45876312
45876321
46123578
46123587
46123758
46123785
46123857
46123875
46125378
46125387
46125738
46125783
46125837
46125873
46127358
46127385
46127538
46127583
46127835
46127853
46128357
46128375
46128537
46128573
46128735
46128753
46132578
46132587
46132758
46132785
46132857
46132875
46135278
46135287
46135728
46135782
46135827
46135872
46137258
46137285
46137528
46137582
46137825
46137852
46138257
46138275
46138527
46138572
46138725
46138752
46152378
46152387
46152738
46152783
46152837
46152873
46153278
46153287
46153728
46153782
46153827
46153872
46157238
46157283
46157328
46157382
46157823
46157832
46158237
46158273
46158327
46158372
46158723
46158732
46172358
46172385
46172538
46172583
46172835
46172853
46173258
46173285
46173528
46173582
46173825
46173852
46175238
46175283
46175328
46175382
46175823
46175832
46178235
46178253
46178325
46178352
46178523
46178532
46182357
46182375
46182537
46182573
46182735
46182753
46183257
46183275
46183527
46183572
46183725
46183752
46185237
46185273
46185327
46185372
46185723
46185732
46187235
46187253
46187325
46187352
46187523
46187532
46213578
46213587
46213758
46213785
46213857
46213875
46215378
46215387
46215738
46215783
46215837
46215873
46217358
46217385
46217538
46217583
46217835
46217853
46218357
46218375
46218537
46218573
46218735
46218753
46231578
46231587
46231758
46231785
46231857
46231875
46235178
46235187
46235718
46235781
46235817
46235871
46237158
46237185
46237518
46237581
46237815
46237851
46238157
46238175
46238517
46238571
46238715
46238751
46251378
46251387
46251738
46251783
46251837
46251873
46253178
46253187
46253718
46253781
46253817
46253871
46257138
46257183
46257318
46257381
46257813
46257831
46258137
46258173
46258317
46258371
46258713
46258731
46271358
46271385
46271538
46271583
46271835
46271853
46273158
46273185
46273518
46273581
46273815
46273851
46275138
46275183
46275318
46275381
46275813
46275831
46278135
46278153
46278315
46278351
46278513
46278531
46281357
46281375
46281537
46281573
46281735
46281753
46283157
46283175
46283517
46283571
46283715
46283751
46285137
46285173
46285317
46285371
46285713
46285731
46287135
46287153
46287315
46287351
46287513
46287531
46312578
46312587
46312758
46312785
46312857
46312875
46315278
46315287
46315728
46315782
46315827
46315872
46317258
46317285
46317528
46317582
46317825
46317852
46318257
46318275
46318527
46318572
46318725
46318752
46321578
46321587
46321758
46321785
46321857
46321875
46325178
46325187
46325718
46325781
46325817
46325871
46327158
46327185
46327518
46327581
46327815
46327851
46328157
46328175
46328517
46328571
46328715
46328751
46351278
46351287
46351728
46351782
46351827
46351872
46352178
46352187
46352718
46352781
46352817
46352871
46357128
46357182
46357218
46357281
46357812
46357821
46358127
46358172
46358217
46358271
46358712
46358721
46371258
46371285
46371528
46371582
46371825
46371852
46372158
46372185
46372518
46372581
46372815
46372851
46375128
46375182
46375218
46375281
46375812
46375821
46378125
46378152
46378215
46378251
46378512
46378521
46381257
46381275
46381527
46381572
46381725
46381752
46382157
46382175
46382517
46382571
46382715
46382751
46385127
46385172
46385217
46385271
46385712
46385721
46387125
46387152
46387215
46387251
46387512
46387521
46512378
46512387
46512738
46512783
46512837
46512873
46513278
46513287
46513728
46513782
46513827
46513872
46517238
46517283
46517328
46517382
46517823
46517832
46518237
46518273
46518327
46518372
46518723
46518732
46521378
46521387
46521738
46521783
46521837
46521873
46523178
46523187
46523718
46523781
46523817
46523871
46527138
46527183
46527318
46527381
46527813
46527831
46528137
46528173
46528317
46528371
46528713
46528731
46531278
46531287
46531728
46531782
46531827
46531872
46532178
46532187
46532718
46532781
46532817
46532871
46537128
46537182
46537218
46537281
46537812
46537821
46538127
46538172
46538217
46538271
46538712
46538721
46571238
46571283
46571328
46571382
46571823
46571832
46572138
46572183
46572318
46572381
46572813
46572831
46573128
46573182
46573218
46573281
46573812
46573821
46578123
46578132
46578213
46578231
46578312
46578321
46581237
46581273
46581327
46581372
46581723
46581732
46582137
46582173
46582317
46582371
46582713
46582731
46583127
46583172
46583217
46583271
46583712
46583721
46587123
46587132
46587213
46587231
46587312
46587321
46712358
46712385
46712538
46712583
46712835
46712853
46713258
46713285
46713528
46713582
46713825
46713852
46715238
46715283
46715328
46715382
46715823
46715832
46718235
46718253
46718325
46718352
46718523
46718532
46721358
46721385
46721538
46721583
46721835
46721853
46723158
46723185
46723518
46723581
46723815
46723851
46725138
46725183
46725318
46725381
46725813
46725831
46728135
46728153
46728315
46728351
46728513
46728531
46731258
46731285
46731528
46731582
46731825
46731852
46732158
46732185
46732518
46732581
46732815
46732851
46735128
46735182
46735218
46735281
46735812
46735821
46738125
46738152
46738215
46738251
46738512
46738521
46751238
46751283
46751328
46751382
46751823
46751832
46752138
46752183
46752318
46752381
46752813
46752831
46753128
46753182
46753218
46753281
46753812
46753821
46758123
46758132
46758213
46758231
46758312
46758321
46781235
46781253
46781325
46781352
46781523
46781532
46782135
46782153
46782315
46782351
46782513
46782531
46783125
46783152
46783215
46783251
46783512
46783521
46785123
46785132
46785213
46785231
46785312
46785321
46812357
46812375
46812537
46812573
46812735
46812753
46813257
46813275
46813527
46813572
46813725
46813752
46815237
46815273
46815327
46815372
46815723
46815732
46817235
46817253
46817325
46817352
46817523
46817532
46821357
46821375
46821537
46821573
46821735
46821753
46823157
46823175
46823517
46823571
46823715
46823751
46825137
46825173
46825317
46825371
46825713
46825731
46827135
46827153
46827315
46827351
46827513
46827531
46831257
46831275
46831527
46831572
46831725
46831752
46832157
46832175
46832517
46832571
46832715
46832751
46835127
46835172
46835217
46835271
46835712
46835721
46837125
46837152
46837215
46837251
46837512
46837521
46851237
46851273
46851327
46851372
46851723
46851732
46852137
46852173
46852317
46852371
46852713
46852731
46853127
46853172
46853217
46853271
46853712
46853721
46857123
46857132
46857213
46857231
46857312
46857321
46871235
46871253
46871325
46871352
46871523
46871532
46872135
46872153
46872315
46872351
46872513
46872531
46873125
46873152
46873215
46873251
46873512
46873521
46875123
46875132
46875213
46875231
46875312
46875321
47123568
47123586
47123658
47123685
47123856
47123865
47125368
47125386
47125638
47125683
47125836
47125863
47126358
47126385
47126538
47126583
47126835
47126853
47128356
47128365
47128536
47128563
47128635
47128653
47132568
47132586
47132658
47132685
47132856
47132865
47135268
47135286
47135628
47135682
47135826
47135862
47136258
47136285
47136528
47136582
47136825
47136852
47138256
47138265
47138526
47138562
47138625
47138652
47152368
47152386
47152638
47152683
47152836
47152863
47153268
47153286
47153628
47153682
47153826
47153862
47156238
47156283
47156328
47156382
47156823
47156832
47158236
47158263
47158326
47158362
47158623
47158632
47162358
47162385
47162538
47162583
47162835
47162853
47163258
47163285
47163528
47163582
47163825
47163852
47165238
47165283
47165328
47165382
47165823
47165832
47168235
47168253
47168325
47168352
47168523
47168532
47182356
47182365
47182536
47182563
47182635
47182653
47183256
47183265
47183526
47183562
47183625
47183652
47185236
47185263
47185326
47185362
47185623
47185632
47186235
47186253
47186325
47186352
47186523
47186532
47213568
47213586
47213658
47213685
47213856
47213865
47215368
47215386
47215638
47215683
47215836
47215863
47216358
47216385
47216538
47216583
47216835
47216853
47218356
47218365
47218536
47218563
47218635
47218653
47231568
47231586
47231658
47231685
47231856
47231865
47235168
47235186
47235618
47235681
47235816
47235861
47236158
47236185
47236518
47236581
47236815
47236851
47238156
47238165
47238516
47238561
47238615
47238651
47251368
47251386
47251638
47251683
47251836
47251863
47253168
47253186
47253618
47253681
47253816
47253861
47256138
47256183
47256318
47256381
47256813
47256831
47258136
47258163
47258316
47258361
47258613
47258631
47261358
47261385
47261538
47261583
47261835
47261853
47263158
47263185
47263518
47263581
47263815
47263851
47265138
47265183
47265318
47265381
47265813
47265831
47268135
47268153
47268315
47268351
47268513
47268531
47281356
47281365
47281536
47281563
47281635
47281653
47283156
47283165
47283516
47283561
47283615
47283651
47285136
47285163
47285316
47285361
47285613
47285631
47286135
47286153
47286315
47286351
47286513
47286531
47312568
47312586
47312658
47312685
47312856
47312865
47315268
47315286
47315628
47315682
47315826
47315862
47316258
47316285
47316528
47316582
47316825
47316852
47318256
47318265
47318526
47318562
47318625
47318652
47321568
47321586
47321658
47321685
47321856
47321865
47325168
47325186
47325618
47325681
47325816
47325861
47326158
47326185
47326518
47326581
47326815
47326851
47328156
47328165
47328516
47328561
47328615
47328651
47351268
47351286
47351628
47351682
47351826
47351862
47352168
47352186
47352618
47352681
47352816
47352861
47356128
47356182
47356218
47356281
47356812
47356821
47358126
47358162
47358216
47358261
47358612
47358621
47361258
47361285
47361528
47361582
47361825
47361852
47362158
47362185
47362518
47362581
47362815
47362851
47365128
47365182
47365218
47365281
47365812
47365821
47368125
47368152
47368215
47368251
47368512
47368521
47381256
47381265
47381526
47381562
47381625
47381652
47382156
47382165
47382516
47382561
47382615
47382651
47385126
47385162
47385216
47385261
47385612
47385621
47386125
47386152
47386215
47386251
47386512
47386521
47512368
47512386
47512638
47512683
47512836
47512863
47513268
47513286
47513628
47513682
47513826
47513862
47516238
47516283
47516328
47516382
47516823
47516832
47518236
47518263
47518326
47518362
47518623
47518632
47521368
47521386
47521638
47521683
47521836
47521863
47523168
47523186
47523618
47523681
47523816
47523861
47526138
47526183
47526318
47526381
47526813
47526831
47528136
47528163
47528316
47528361
47528613
47528631
47531268
47531286
47531628
47531682
47531826
47531862
47532168
47532186
47532618
47532681
47532816
47532861
47536128
47536182
47536218
47536281
47536812
47536821
47538126
47538162
47538216
47538261
47538612
47538621
47561238
47561283
47561328
47561382
47561823
47561832
47562138
47562183
47562318
47562381
47562813
47562831
47563128
47563182
47563218
47563281
47563812
47563821
47568123
47568132
47568213
47568231
47568312
47568321
47581236
47581263
47581326
47581362
47581623
47581632
47582136
47582163
47582316
47582361
47582613
47582631
47583126
47583162
47583216
47583261
47583612
47583621
47586123
47586132
47586213
47586231
47586312
47586321
47612358
47612385
47612538
47612583
47612835
47612853
47613258
47613285
47613528
47613582
47613825
47613852
47615238
47615283
47615328
47615382
47615823
47615832
47618235
47618253
47618325
47618352
47618523
47618532
47621358
47621385
47621538
47621583
47621835
47621853
47623158
47623185
47623518
47623581
47623815
47623851
47625138
47625183
47625318
47625381
47625813
47625831
47628135
47628153
47628315
47628351
47628513
47628531
47631258
47631285
47631528
47631582
47631825
47631852
47632158
47632185
47632518
47632581
47632815
47632851
47635128
47635182
47635218
47635281
47635812
47635821
47638125
47638152
47638215
47638251
47638512
47638521
47651238
47651283
47651328
47651382
47651823
47651832
47652138
47652183
47652318
47652381
47652813
47652831
47653128
47653182
47653218
47653281
47653812
47653821
47658123
47658132
47658213
47658231
47658312
47658321
47681235
47681253
47681325
47681352
47681523
47681532
47682135
47682153
47682315
47682351
47682513
47682531
47683125
47683152
47683215
47683251
47683512
47683521
47685123
47685132
47685213
47685231
47685312
47685321
47812356
47812365
47812536
47812563
47812635
47812653
47813256
47813265
47813526
47813562
47813625
47813652
47815236
47815263
47815326
47815362
47815623
47815632
47816235
47816253
47816325
47816352
47816523
47816532
47821356
47821365
47821536
47821563
47821635
47821653
47823156
47823165
47823516
47823561
47823615
47823651
47825136
47825163
47825316
47825361
47825613
47825631
47826135
47826153
47826315
47826351
47826513
47826531
47831256
47831265
47831526
47831562
47831625
47831652
47832156
47832165
47832516
47832561
47832615
47832651
47835126
47835162
47835216
47835261
47835612
47835621
47836125
47836152
47836215
47836251
47836512
47836521
47851236
47851263
47851326
47851362
47851623
47851632
47852136
47852163
47852316
47852361
47852613
47852631
47853126
47853162
47853216
47853261
47853612
47853621
47856123
47856132
47856213
47856231
47856312
47856321
47861235
47861253
47861325
47861352
47861523
47861532
47862135
47862153
47862315
47862351
47862513
47862531
47863125
47863152
47863215
47863251
47863512
47863521
47865123
47865132
47865213
47865231
47865312
47865321
48123567
48123576
48123657
48123675
48123756
48123765
48125367
48125376
48125637
48125673
48125736
48125763
48126357
48126375
48126537
48126573
48126735
48126753
48127356
48127365
48127536
48127563
48127635
48127653
48132567
48132576
48132657
48132675
48132756
48132765
48135267
48135276
48135627
48135672
48135726
48135762
48136257
48136275
48136527
48136572
48136725
48136752
48137256
48137265
48137526
48137562
48137625
48137652
48152367
48152376
48152637
48152673
48152736
48152763
48153267
48153276
48153627
48153672
48153726
48153762
48156237
48156273
48156327
48156372
48156723
48156732
48157236
48157263
48157326
48157362
48157623
48157632
48162357
48162375
48162537
48162573
48162735
48162753
48163257
48163275
48163527
48163572
48163725
48163752
48165237
48165273
48165327
48165372
48165723
48165732
48167235
48167253
48167325
48167352
48167523
48167532
48172356
48172365
48172536
48172563
48172635
48172653
48173256
48173265
48173526
48173562
48173625
48173652
48175236
48175263
48175326
48175362
48175623
48175632
48176235
48176253
48176325
48176352
48176523
48176532
48213567
48213576
48213657
48213675
48213756
48213765
48215367
48215376
48215637
48215673
48215736
48215763
48216357
48216375
48216537
48216573
48216735
48216753
48217356
48217365
48217536
48217563
48217635
48217653
48231567
48231576
48231657
48231675
48231756
48231765
48235167
48235176
48235617
48235671
48235716
48235761
48236157
48236175
48236517
48236571
48236715
48236751
48237156
48237165
48237516
48237561
48237615
48237651
48251367
48251376
48251637
48251673
48251736
48251763
48253167
48253176
48253617
48253671
48253716
48253761
48256137
48256173
48256317
48256371
48256713
48256731
48257136
48257163
48257316
48257361
48257613
48257631
48261357
48261375
48261537
48261573
48261735
48261753
48263157
48263175
48263517
48263571
48263715
48263751
48265137
48265173
48265317
48265371
48265713
48265731
48267135
48267153
48267315
48267351
48267513
48267531
48271356
48271365
48271536
48271563
48271635
48271653
48273156
48273165
48273516
48273561
48273615
48273651
48275136
48275163
48275316
48275361
48275613
48275631
48276135
48276153
48276315
48276351
48276513
48276531
48312567
48312576
48312657
48312675
48312756
48312765
48315267
48315276
48315627
48315672
48315726
48315762
48316257
48316275
48316527
48316572
48316725
48316752
48317256
48317265
48317526
48317562
48317625
48317652
48321567
48321576
48321657
48321675
48321756
48321765
48325167
48325176
48325617
48325671
48325716
48325761
48326157
48326175
48326517
48326571
48326715
48326751
48327156
48327165
48327516
48327561
48327615
48327651
48351267
48351276
48351627
48351672
48351726
48351762
48352167
48352176
48352617
48352671
48352716
48352761
48356127
48356172
48356217
48356271
48356712
48356721
48357126
48357162
48357216
48357261
48357612
48357621
48361257
48361275
48361527
48361572
48361725
48361752
48362157
48362175
48362517
48362571
48362715
48362751
48365127
48365172
48365217
48365271
48365712
48365721
48367125
48367152
48367215
48367251
48367512
48367521
48371256
48371265
48371526
48371562
48371625
48371652
48372156
48372165
48372516
48372561
48372615
48372651
48375126
48375162
48375216
48375261
48375612
48375621
48376125
48376152
48376215
48376251
48376512
48376521
48512367
48512376
48512637
48512673
48512736
48512763
48513267
48513276
48513627
48513672
48513726
48513762
48516237
48516273
48516327
48516372
48516723
48516732
48517236
48517263
48517326
48517362
48517623
48517632
48521367
48521376
48521637
48521673
48521736
48521763
48523167
48523176
48523617
48523671
48523716
48523761
48526137
48526173
48526317
48526371
48526713
48526731
48527136
48527163
48527316
48527361
48527613
48527631
48531267
48531276
48531627
48531672
48531726
48531762
48532167
48532176
48532617
48532671
48532716
48532761
48536127
48536172
48536217
48536271
48536712
48536721
48537126
48537162
48537216
48537261
48537612
48537621
48561237
48561273
48561327
48561372
48561723
48561732
48562137
48562173
48562317
48562371
48562713
48562731
48563127
48563172
48563217
48563271
48563712
48563721
48567123
48567132
48567213
48567231
48567312
48567321
48571236
48571263
48571326
48571362
48571623
48571632
48572136
48572163
48572316
48572361
48572613
48572631
48573126
48573162
48573216
48573261
48573612
48573621
48576123
48576132
48576213
48576231
48576312
48576321
48612357
48612375
48612537
48612573
48612735
48612753
48613257
48613275
48613527
48613572
48613725
48613752
48615237
48615273
48615327
48615372
48615723
48615732
48617235
48617253
48617325
48617352
48617523
48617532
48621357
48621375
48621537
48621573
48621735
48621753
48623157
48623175
48623517
48623571
48623715
48623751
48625137
48625173
48625317
48625371
48625713
48625731
48627135
48627153
48627315
48627351
48627513
48627531
48631257
48631275
48631527
48631572
48631725
48631752
48632157
48632175
48632517
48632571
48632715
48632751
48635127
48635172
48635217
48635271
48635712
48635721
48637125
48637152
48637215
48637251
48637512
48637521
48651237
48651273
48651327
48651372
48651723
48651732
48652137
48652173
48652317
48652371
48652713
48652731
48653127
48653172
48653217
48653271
48653712
48653721
48657123
48657132
48657213
48657231
48657312
48657321
48671235
48671253
48671325
48671352
48671523
48671532
48672135
48672153
48672315
48672351
48672513
48672531
48673125
48673152
48673215
48673251
48673512
48673521
48675123
48675132
48675213
48675231
48675312
48675321
48712356
48712365
48712536
48712563
48712635
48712653
48713256
48713265
48713526
48713562
48713625
48713652
48715236
48715263
48715326
48715362
48715623
48715632
48716235
48716253
48716325
48716352
48716523
48716532
48721356
48721365
48721536
48721563
48721635
48721653
48723156
48723165
48723516
48723561
48723615
48723651
48725136
48725163
48725316
48725361
48725613
48725631
48726135
48726153
48726315
48726351
48726513
48726531
48731256
48731265
48731526
48731562
48731625
48731652
48732156
48732165
48732516
48732561
48732615
48732651
48735126
48735162
48735216
48735261
48735612
48735621
48736125
48736152
48736215
48736251
48736512
48736521
48751236
48751263
48751326
48751362
48751623
48751632
48752136
48752163
48752316
48752361
48752613
48752631
48753126
48753162
48753216
48753261
48753612
48753621
48756123
48756132
48756213
48756231
48756312
48756321
48761235
48761253
48761325
48761352
48761523
48761532
48762135
48762153
48762315
48762351
48762513
48762531
48763125
48763152
48763215
48763251
48763512
48763521
48765123
48765132
48765213
48765231
48765312
48765321
