51234678
51234687
51234768
51234786
51234867
51234876
51236478
51236487
51236748
51236784
51236847
51236874
51237468
51237486
51237648
51237684
51237846
51237864
51238467
51238476
51238647
51238674
51238746
51238764
51243678
51243687
51243768
51243786
51243867
51243876
51246378
51246387
51246738
51246783
51246837
51246873
51247368
51247386
51247638
51247683
51247836
51247863
51248367
51248376
51248637
51248673
51248736
51248763
51263478
51263487
51263748
51263784
51263847
51263874
51264378
51264387
51264738
51264783
51264837
51264873
51267348
51267384
51267438
51267483
51267834
51267843
51268347
51268374
51268437
51268473
51268734
51268743
51273468
51273486
51273648
51273684
51273846
51273864
51274368
51274386
51274638
51274683
51274836
51274863
51276348
51276384
51276438
51276483
51276834
51276843
51278346
51278364
51278436
51278463
51278634
51278643
51283467
51283476
51283647
51283674
51283746
51283764
51284367
51284376
51284637
51284673
51284736
51284763
51286347
51286374
51286437
51286473
51286734
51286743
51287346
51287364
51287436
51287463
51287634
51287643
51324678
51324687
51324768
51324786
51324867
51324876
51326478
51326487
51326748
51326784
51326847
51326874
51327468
51327486
51327648
51327684
51327846
51327864
51328467
51328476
51328647
51328674
51328746
51328764
51342678
51342687
51342768
51342786
51342867
51342876
51346278
51346287
51346728
51346782
51346827
51346872
51347268
51347286
51347628
51347682
51347826
51347862
51348267
51348276
51348627
51348672
51348726
51348762
51362478
51362487
51362748
51362784
51362847
51362874
51364278
51364287
51364728
51364782
51364827
51364872
51367248
51367284
51367428
51367482
51367824
51367842
51368247
51368274
51368427
51368472
51368724
51368742
51372468
51372486
51372648
51372684
51372846
51372864
51374268
51374286
51374628
51374682
51374826
51374862
51376248
51376284
51376428
51376482
51376824
51376842
51378246
51378264
51378426
51378462
51378624
51378642
51382467
51382476
51382647
51382674
51382746
51382764
51384267
51384276
51384627
51384672
51384726
51384762
51386247
51386274
51386427
51386472
51386724
51386742
51387246
51387264
51387426
51387462
51387624
51387642
51423678
51423687
51423768
51423786
51423867
51423876
51426378
51426387
51426738
51426783
51426837
51426873
51427368
51427386
51427638
51427683
51427836
51427863
51428367
51428376
51428637
51428673
51428736
51428763
51432678
51432687
51432768
51432786
51432867
51432876
51436278
51436287
51436728
51436782
51436827
51436872
51437268
51437286
51437628
51437682
51437826
51437862
51438267
51438276
51438627
51438672
51438726
51438762
51462378
51462387
51462738
51462783
51462837
51462873
51463278
51463287
51463728
51463782
51463827
51463872
51467238
51467283
51467328
51467382
51467823
51467832
51468237
51468273
51468327
51468372
51468723
51468732
51472368
51472386
51472638
51472683
51472836
51472863
51473268
51473286
51473628
51473682
51473826
51473862
51476238
51476283
51476328
51476382
51476823
51476832
51478236
51478263
51478326
51478362
51478623
51478632
51482367
51482376
51482637
51482673
51482736
51482763
51483267
51483276
51483627
51483672
51483726
51483762
51486237
51486273
51486327
51486372
51486723
51486732
51487236
51487263
51487326
51487362
51487623
51487632
51623478
51623487
51623748
51623784
51623847
51623874
51624378
51624387
51624738
51624783
51624837
51624873
51627348
51627384
51627438
51627483
51627834
51627843
51628347
51628374
51628437
51628473
51628734
51628743
51632478
51632487
51632748
51632784
51632847
51632874
51634278
51634287
51634728
51634782
51634827
51634872
51637248
51637284
51637428
51637482
51637824
51637842
51638247
51638274
51638427
51638472
51638724
51638742
51642378
51642387
51642738
51642783
51642837
51642873
51643278
51643287
51643728
51643782
51643827
51643872
51647238
51647283
51647328
51647382
51647823
51647832
51648237
51648273
51648327
51648372
51648723
51648732
51672348
51672384
51672438
51672483
51672834
51672843
51673248
51673284
51673428
51673482
51673824
51673842
51674238
51674283
51674328
51674382
51674823
51674832
51678234
51678243
51678324
51678342
51678423
51678432
51682347
51682374
51682437
51682473
51682734
51682743
51683247
51683274
51683427
51683472
51683724
51683742
51684237
51684273
51684327
51684372
51684723
51684732
51687234
51687243
51687324
51687342
51687423
51687432
51723468
51723486
51723648
51723684
51723846
51723864
51724368
51724386
51724638
51724683
51724836
51724863
51726348
51726384
51726438
51726483
51726834
51726843
51728346
51728364
51728436
51728463
51728634
51728643
51732468
51732486
51732648
51732684
51732846
51732864
51734268
51734286
51734628
51734682
51734826
51734862
51736248
51736284
51736428
51736482
51736824
51736842
51738246
51738264
51738426
51738462
51738624
51738642
51742368
51742386
51742638
51742683
51742836
51742863
51743268
51743286
51743628
51743682
51743826
51743862
51746238
51746283
51746328
51746382
51746823
51746832
51748236
51748263
51748326
51748362
51748623
51748632
51762348
51762384
51762438
51762483
51762834
51762843
51763248
51763284
51763428
51763482
51763824
51763842
51764238
51764283
51764328
51764382
51764823
51764832
51768234
51768243
51768324
51768342
51768423
51768432
51782346
51782364
51782436
51782463
51782634
51782643
51783246
51783264
51783426
51783462
51783624
51783642
51784236
51784263
51784326
51784362
51784623
51784632
51786234
51786243
51786324
51786342
51786423
51786432
51823467
51823476
51823647
51823674
51823746
51823764
51824367
51824376
51824637
51824673
51824736
51824763
51826347
51826374
51826437
51826473
51826734
51826743
51827346
51827364
51827436
51827463
51827634
51827643
51832467
51832476
51832647
51832674
51832746
51832764
51834267
51834276
51834627
51834672
51834726
51834762
51836247
51836274
51836427
51836472
51836724
51836742
51837246
51837264
51837426
51837462
51837624
51837642
51842367
51842376
51842637
51842673
51842736
51842763
51843267
51843276
51843627
51843672
51843726
51843762
51846237
51846273
51846327
51846372
51846723
51846732
51847236
51847263
51847326
51847362
51847623
51847632
51862347
51862374
51862437
51862473
51862734
51862743
51863247
51863274
51863427
51863472
51863724
51863742
51864237
51864273
51864327
51864372
51864723
51864732
51867234
51867243
51867324
51867342
51867423
51867432
51872346
51872364
51872436
51872463
51872634
51872643
51873246
51873264
51873426
51873462
51873624
51873642
51874236
51874263
51874326
51874362
51874623
51874632
51876234
51876243
51876324
51876342
51876423
51876432
52134678
52134687
52134768
52134786
52134867
52134876
52136478
52136487
52136748
52136784
52136847
52136874
52137468
52137486
52137648
52137684
52137846
52137864
52138467
52138476
52138647
52138674
52138746
52138764
52143678
52143687
52143768
52143786
52143867
52143876
52146378
52146387
52146738
52146783
52146837
52146873
52147368
52147386
52147638
52147683
52147836
52147863
52148367
52148376
52148637
52148673
52148736
52148763
52163478
52163487
52163748
52163784
52163847
52163874
52164378
52164387
52164738
52164783
52164837
52164873
52167348
52167384
52167438
52167483
52167834
52167843
52168347
52168374
52168437
52168473
52168734
52168743
52173468
52173486
52173648
52173684
52173846
52173864
52174368
52174386
52174638
52174683
52174836
52174863
52176348
52176384
52176438
52176483
52176834
52176843
52178346
52178364
52178436
52178463
52178634
52178643
52183467
52183476
52183647
52183674
52183746
52183764
52184367
52184376
52184637
52184673
52184736
52184763
52186347
52186374
52186437
52186473
52186734
52186743
52187346
52187364
52187436
52187463
52187634
52187643
52314678
52314687
52314768
52314786
52314867
52314876
52316478
52316487
52316748
52316784
52316847
52316874
52317468
52317486
52317648
52317684
52317846
52317864
52318467
52318476
52318647
52318674
52318746
52318764
52341678
52341687
52341768
52341786
52341867
52341876
52346178
52346187
52346718
52346781
52346817
52346871
52347168
52347186
52347618
52347681
52347816
52347861
52348167
52348176
52348617
52348671
52348716
52348761
52361478
52361487
52361748
52361784
52361847
52361874
52364178
52364187
52364718
52364781
52364817
52364871
52367148
52367184
52367418
52367481
52367814
52367841
52368147
52368174
52368417
52368471
52368714
52368741
52371468
52371486
52371648
52371684
52371846
52371864
52374168
52374186
52374618
52374681
52374816
52374861
52376148
52376184
52376418
52376481
52376814
52376841
52378146
52378164
52378416
52378461
52378614
52378641
52381467
52381476
52381647
52381674
52381746
52381764
52384167
52384176
52384617
52384671
52384716
52384761
52386147
52386174
52386417
52386471
52386714
52386741
52387146
52387164
52387416
52387461
52387614
52387641
52413678
52413687
52413768
52413786
52413867
52413876
52416378
52416387
52416738
52416783
52416837
52416873
52417368
52417386
52417638
52417683
52417836
52417863
52418367
52418376
52418637
52418673
52418736
52418763
52431678
52431687
52431768
52431786
52431867
52431876
52436178
52436187
52436718
52436781
52436817
52436871
52437168
52437186
52437618
52437681
52437816
52437861
52438167
52438176
52438617
52438671
52438716
52438761
52461378
52461387
52461738
52461783
52461837
52461873
52463178
52463187
52463718
52463781
52463817
52463871
52467138
52467183
52467318
52467381
52467813
52467831
52468137
52468173
52468317
52468371
52468713
52468731
52471368
52471386
52471638
52471683
52471836
52471863
52473168
52473186
52473618
52473681
52473816
52473861
52476138
52476183
52476318
52476381
52476813
52476831
52478136
52478163
52478316
52478361
52478613
52478631
52481367
52481376
52481637
52481673
52481736
52481763
52483167
52483176
52483617
52483671
52483716
52483761
52486137
52486173
52486317
52486371
52486713
52486731
52487136
52487163
52487316
52487361
52487613
52487631
52613478
52613487
52613748
52613784
52613847
52613874
52614378
52614387
52614738
52614783
52614837
52614873
52617348
52617384
52617438
52617483
52617834
52617843
52618347
52618374
52618437
52618473
52618734
52618743
52631478
52631487
52631748
52631784
52631847
52631874
52634178
52634187
52634718
52634781
52634817
52634871
52637148
52637184
52637418
52637481
52637814
52637841
52638147
52638174
52638417
52638471
52638714
52638741
52641378
52641387
52641738
52641783
52641837
52641873
52643178
52643187
52643718
52643781
52643817
52643871
52647138
52647183
52647318
52647381
52647813
52647831
52648137
52648173
52648317
52648371
52648713
52648731
52671348
52671384
52671438
52671483
52671834
52671843
52673148
52673184
52673418
52673481
52673814
52673841
52674138
52674183
52674318
52674381
52674813
52674831
52678134
52678143
52678314
52678341
52678413
52678431
52681347
52681374
52681437
52681473
52681734
52681743
52683147
52683174
52683417
52683471
52683714
52683741
52684137
52684173
52684317
52684371
52684713
52684731
52687134
52687143
52687314
52687341
52687413
52687431
52713468
52713486
52713648
52713684
52713846
52713864
52714368
52714386
52714638
52714683
52714836
52714863
52716348
52716384
52716438
52716483
52716834
52716843
52718346
52718364
52718436
52718463
52718634
52718643
52731468
52731486
52731648
52731684
52731846
52731864
52734168
52734186
52734618
52734681
52734816
52734861
52736148
52736184
52736418
52736481
52736814
52736841
52738146
52738164
52738416
52738461
52738614
52738641
52741368
52741386
52741638
52741683
52741836
52741863
52743168
52743186
52743618
52743681
52743816
52743861
52746138
52746183
52746318
52746381
52746813
52746831
52748136
52748163
52748316
52748361
52748613
52748631
52761348
52761384
52761438
52761483
52761834
52761843
52763148
52763184
52763418
52763481
52763814
52763841
52764138
52764183
52764318
52764381
52764813
52764831
52768134
52768143
52768314
52768341
52768413
52768431
52781346
52781364
52781436
52781463
52781634
52781643
52783146
52783164
52783416
52783461
52783614
52783641
52784136
52784163
52784316
52784361
52784613
52784631
52786134
52786143
52786314
52786341
52786413
52786431
52813467
52813476
52813647
52813674
52813746
52813764
52814367
52814376
52814637
52814673
52814736
52814763
52816347
52816374
52816437
52816473
52816734
52816743
52817346
52817364
52817436
52817463
52817634
52817643
52831467
52831476
52831647
52831674
52831746
52831764
52834167
52834176
52834617
52834671
52834716
52834761
52836147
52836174
52836417
52836471
52836714
52836741
52837146
52837164
52837416
52837461
52837614
52837641
52841367
52841376
52841637
52841673
52841736
52841763
52843167
52843176
52843617
52843671
52843716
52843761
52846137
52846173
52846317
52846371
52846713
52846731
52847136
52847163
52847316
52847361
52847613
52847631
52861347
52861374
52861437
52861473
52861734
52861743
52863147
52863174
52863417
52863471
52863714
52863741
52864137
52864173
52864317
52864371
52864713
52864731
52867134
52867143
52867314
52867341
52867413
52867431
52871346
52871364
52871436
52871463
52871634
52871643
52873146
52873164
52873416
52873461
52873614
52873641
52874136
52874163
52874316
52874361
52874613
52874631
52876134
52876143
52876314
52876341
52876413
52876431
53124678
53124687
53124768
53124786
53124867
53124876
53126478
53126487
53126748
53126784
53126847
53126874
53127468
53127486
53127648
53127684
53127846
53127864
53128467
53128476
53128647
53128674
53128746
53128764
53142678
53142687
53142768
53142786
53142867
53142876
53146278
53146287
53146728
53146782
53146827
53146872
53147268
53147286
53147628
53147682
53147826
53147862
53148267
53148276
53148627
53148672
53148726
53148762
53162478
53162487
53162748
53162784
53162847
53162874
53164278
53164287
53164728
53164782
53164827
53164872
53167248
53167284
53167428
53167482
53167824
53167842
53168247
53168274
53168427
53168472
53168724
53168742
53172468
53172486
53172648
53172684
53172846
53172864
53174268
53174286
53174628
53174682
53174826
53174862
53176248
53176284
53176428
53176482
53176824
53176842
53178246
53178264
53178426
53178462
53178624
53178642
53182467
53182476
53182647
53182674
53182746
53182764
53184267
53184276
53184627
53184672
53184726
53184762
53186247
53186274
53186427
53186472
53186724
53186742
53187246
53187264
53187426
53187462
53187624
53187642
53214678
53214687
53214768
53214786
53214867
53214876
53216478
53216487
53216748
53216784
53216847
53216874
53217468
53217486
53217648
53217684
53217846
53217864
53218467
53218476
53218647
53218674
53218746
53218764
53241678
53241687
53241768
53241786
53241867
53241876
53246178
53246187
53246718
53246781
53246817
53246871
53247168
53247186
53247618
53247681
53247816
53247861
53248167
53248176
53248617
53248671
53248716
53248761
53261478
53261487
53261748
53261784
53261847
53261874
53264178
53264187
53264718
53264781
53264817
53264871
53267148
53267184
53267418
53267481
53267814
53267841
53268147
53268174
53268417
53268471
53268714
53268741
53271468
53271486
53271648
53271684
53271846
53271864
53274168
53274186
53274618
53274681
53274816
53274861
53276148
53276184
53276418
53276481
53276814
53276841
53278146
53278164
53278416
53278461
53278614
53278641
53281467
53281476
53281647
53281674
53281746
53281764
53284167
53284176
53284617
53284671
53284716
53284761
53286147
53286174
53286417
53286471
53286714
53286741
53287146
53287164
53287416
53287461
53287614
53287641
53412678
53412687
53412768
53412786
53412867
53412876
53416278
53416287
53416728
53416782
53416827
53416872
53417268
53417286
53417628
53417682
53417826
53417862
53418267
53418276
53418627
53418672
53418726
53418762
53421678
53421687
53421768
53421786
53421867
53421876
53426178
53426187
53426718
53426781
53426817
53426871
53427168
53427186
53427618
53427681
53427816
53427861
53428167
53428176
53428617
53428671
53428716
53428761
53461278
53461287
53461728
53461782
53461827
53461872
53462178
53462187
53462718
53462781
53462817
53462871
53467128
53467182
53467218
53467281
53467812
53467821
53468127
53468172
53468217
53468271
53468712
53468721
53471268
53471286
53471628
53471682
53471826
53471862
53472168
53472186
53472618
53472681
53472816
53472861
53476128
53476182
53476218
53476281
53476812
53476821
53478126
53478162
53478216
53478261
53478612
53478621
53481267
53481276
53481627
53481672
53481726
53481762
53482167
53482176
53482617
53482671
53482716
53482761
53486127
53486172
53486217
53486271
53486712
53486721
53487126
53487162
53487216
53487261
53487612
53487621
53612478
53612487
53612748
53612784
53612847
53612874
53614278
53614287
53614728
53614782
53614827
53614872
53617248
53617284
53617428
53617482
53617824
53617842
53618247
53618274
53618427
53618472
53618724
53618742
53621478
53621487
53621748
53621784
53621847
53621874
53624178
53624187
53624718
53624781
53624817
53624871
53627148
53627184
53627418
53627481
53627814
53627841
53628147
53628174
53628417
53628471
53628714
53628741
53641278
53641287
53641728
53641782
53641827
53641872
53642178
53642187
53642718
53642781
53642817
53642871
53647128
53647182
53647218
53647281
53647812
53647821
53648127
53648172
53648217
53648271
53648712
53648721
53671248
53671284
53671428
53671482
53671824
53671842
53672148
53672184
53672418
53672481
53672814
53672841
53674128
53674182
53674218
53674281
53674812
53674821
53678124
53678142
53678214
53678241
53678412
53678421
53681247
53681274
53681427
53681472
53681724
53681742
53682147
53682174
53682417
53682471
53682714
53682741
53684127
53684172
53684217
53684271
53684712
53684721
53687124
53687142
53687214
53687241
53687412
53687421
53712468
53712486
53712648
53712684
53712846
53712864
53714268
53714286
53714628
53714682
53714826
53714862
53716248
53716284
53716428
53716482
53716824
53716842
53718246
53718264
53718426
53718462
53718624
53718642
53721468
53721486
53721648
53721684
53721846
53721864
53724168
53724186
53724618
53724681
53724816
53724861
53726148
53726184
53726418
53726481
53726814
53726841
53728146
53728164
53728416
53728461
53728614
53728641
53741268
53741286
53741628
53741682
53741826
53741862
53742168
53742186
53742618
53742681
53742816
53742861
53746128
53746182
53746218
53746281
53746812
53746821
53748126
53748162
53748216
53748261
53748612
53748621
53761248
53761284
53761428
53761482
53761824
53761842
53762148
53762184
53762418
53762481
53762814
53762841
53764128
53764182
53764218
53764281
53764812
53764821
53768124
53768142
53768214
53768241
53768412
53768421
53781246
53781264
53781426
53781462
53781624
53781642
53782146
53782164
53782416
53782461
53782614
53782641
53784126
53784162
53784216
53784261
53784612
53784621
53786124
53786142
53786214
53786241
53786412
53786421
53812467
53812476
53812647
53812674
53812746
53812764
53814267
53814276
53814627
53814672
53814726
53814762
53816247
53816274
53816427
53816472
53816724
53816742
53817246
53817264
53817426
53817462
53817624
53817642
53821467
53821476
53821647
53821674
53821746
53821764
53824167
53824176
53824617
53824671
53824716
53824761
53826147
53826174
53826417
53826471
53826714
53826741
53827146
53827164
53827416
53827461
53827614
53827641
53841267
53841276
53841627
53841672
53841726
53841762
53842167
53842176
53842617
53842671
53842716
53842761
53846127
53846172
53846217
53846271
53846712
53846721
53847126
53847162
53847216
53847261
53847612
53847621
53861247
53861274
53861427
53861472
53861724
53861742
53862147
53862174
53862417
53862471
53862714
53862741
53864127
53864172
53864217
53864271
53864712
53864721
53867124
53867142
53867214
53867241
53867412
53867421
53871246
53871264
53871426
53871462
53871624
53871642
53872146
53872164
53872416
53872461
53872614
53872641
53874126
53874162
53874216
53874261
53874612
53874621
53876124
53876142
53876214
53876241
53876412
53876421
54123678
54123687
54123768
54123786
54123867
54123876
54126378
54126387
54126738
54126783
54126837
54126873
54127368
54127386
54127638
54127683
54127836
54127863
54128367
54128376
54128637
54128673
54128736
54128763
54132678
54132687
54132768
54132786
54132867
54132876
54136278
54136287
54136728
54136782
54136827
54136872
54137268
54137286
54137628
54137682
54137826
54137862
54138267
54138276
54138627
54138672
54138726
54138762
54162378
54162387
54162738
54162783
54162837
54162873
54163278
54163287
54163728
54163782
54163827
54163872
54167238
54167283
54167328
54167382
54167823
54167832
54168237
54168273
54168327
54168372
54168723
54168732
54172368
54172386
54172638
54172683
54172836
54172863
54173268
54173286
54173628
54173682
54173826
54173862
54176238
54176283
54176328
54176382
54176823
54176832
54178236
54178263
54178326
54178362
54178623
54178632
54182367
54182376
54182637
54182673
54182736
54182763
54183267
54183276
54183627
54183672
54183726
54183762
54186237
54186273
54186327
54186372
54186723
54186732
54187236
54187263
54187326
54187362
54187623
54187632
54213678
54213687
54213768
54213786
54213867
54213876
54216378
54216387
54216738
54216783
54216837
54216873
54217368
54217386
54217638
54217683
54217836
54217863
54218367
54218376
54218637
54218673
54218736
54218763
54231678
54231687
54231768
54231786
54231867
54231876
54236178
54236187
54236718
54236781
54236817
54236871
54237168
54237186
54237618
54237681
54237816
54237861
54238167
54238176
54238617
54238671
54238716
54238761
54261378
54261387
54261738
54261783
54261837
54261873
54263178
54263187
54263718
54263781
54263817
54263871
54267138
54267183
54267318
54267381
54267813
54267831
54268137
54268173
54268317
54268371
54268713
54268731
54271368
54271386
54271638
54271683
54271836
54271863
54273168
54273186
54273618
54273681
54273816
54273861
54276138
54276183
54276318
54276381
54276813
54276831
54278136
54278163
54278316
54278361
54278613
54278631
54281367
54281376
54281637
54281673
54281736
54281763
54283167
54283176
54283617
54283671
54283716
54283761
54286137
54286173
54286317
54286371
54286713
54286731
54287136
54287163
54287316
54287361
54287613
54287631
54312678
54312687
54312768
54312786
54312867
54312876
54316278
54316287
54316728
54316782
54316827
54316872
54317268
54317286
54317628
54317682
54317826
54317862
54318267
54318276
54318627
54318672
54318726
54318762
54321678
54321687
54321768
54321786
54321867
54321876
54326178
54326187
54326718
54326781
54326817
54326871
54327168
54327186
54327618
54327681
54327816
54327861
54328167
54328176
54328617
54328671
54328716
54328761
54361278
54361287
54361728
54361782
54361827
54361872
54362178
54362187
54362718
54362781
54362817
54362871
54367128
54367182
54367218
54367281
54367812
54367821
54368127
54368172
54368217
54368271
54368712
54368721
54371268
54371286
54371628
54371682
54371826
54371862
54372168
54372186
54372618
54372681
54372816
54372861
54376128
54376182
54376218
54376281
54376812
54376821
54378126
54378162
54378216
54378261
54378612
54378621
54381267
54381276
54381627
54381672
54381726
54381762
54382167
54382176
54382617
54382671
54382716
54382761
54386127
54386172
54386217
54386271
54386712
54386721
54387126
54387162
54387216
54387261
54387612
54387621
54612378
54612387
54612738
54612783
54612837
54612873
54613278
54613287
54613728
54613782
54613827
54613872
54617238
54617283
54617328
54617382
54617823
54617832
54618237
54618273
54618327
54618372
54618723
54618732
54621378
54621387
54621738
54621783
54621837
54621873
54623178
54623187
54623718
54623781
54623817
54623871
54627138
54627183
54627318
54627381
54627813
54627831
54628137
54628173
54628317
54628371
54628713
54628731
54631278
54631287
54631728
54631782
54631827
54631872
54632178
54632187
54632718
54632781
54632817
54632871
54637128
54637182
54637218
54637281
54637812
54637821
54638127
54638172
54638217
54638271
54638712
54638721
54671238
54671283
54671328
54671382
54671823
54671832
54672138
54672183
54672318
54672381
54672813
54672831
54673128
54673182
54673218
54673281
54673812
54673821
54678123
54678132
54678213
54678231
54678312
54678321
54681237
54681273
54681327
54681372
54681723
54681732
54682137
54682173
54682317
54682371
54682713
54682731
54683127
54683172
54683217
54683271
54683712
54683721
54687123
54687132
54687213
54687231
54687312
54687321
54712368
54712386
54712638
54712683
54712836
54712863
54713268
54713286
54713628
54713682
54713826
54713862
54716238
54716283
54716328
54716382
54716823
54716832
54718236
54718263
54718326
54718362
54718623
54718632
54721368
54721386
54721638
54721683
54721836
54721863
54723168
54723186
54723618
54723681
54723816
54723861
54726138
54726183
54726318
54726381
54726813
54726831
54728136
54728163
54728316
54728361
54728613
54728631
54731268
54731286
54731628
54731682
54731826
54731862
54732168
54732186
54732618
54732681
54732816
54732861
54736128
54736182
54736218
54736281
54736812
54736821
54738126
54738162
54738216
54738261
54738612
54738621
54761238
54761283
54761328
54761382
54761823
54761832
54762138
54762183
54762318
54762381
54762813
54762831
54763128
54763182
54763218
54763281
54763812
54763821
54768123
54768132
54768213
54768231
54768312
54768321
54781236
54781263
54781326
54781362
54781623
54781632
54782136
54782163
54782316
54782361
54782613
54782631
54783126
54783162
54783216
54783261
54783612
54783621
54786123
54786132
54786213
54786231
54786312
54786321
54812367
54812376
54812637
54812673
54812736
54812763
54813267
54813276
54813627
54813672
54813726
54813762
54816237
54816273
54816327
54816372
54816723
54816732
54817236
54817263
54817326
54817362
54817623
54817632
54821367
54821376
54821637
54821673
54821736
54821763
54823167
54823176
54823617
54823671
54823716
54823761
54826137
54826173
54826317
54826371
54826713
54826731
54827136
54827163
54827316
54827361
54827613
54827631
54831267
54831276
54831627
54831672
54831726
54831762
54832167
54832176
54832617
54832671
54832716
54832761
54836127
54836172
54836217
54836271
54836712
54836721
54837126
54837162
54837216
54837261
54837612
54837621
54861237
54861273
54861327
54861372
54861723
54861732
54862137
54862173
54862317
54862371
54862713
54862731
54863127
54863172
54863217
54863271
54863712
54863721
54867123
54867132
54867213
54867231
54867312
54867321
54871236
54871263
54871326
54871362
54871623
54871632
54872136
54872163
54872316
54872361
54872613
54872631
54873126
54873162
54873216
54873261
54873612
54873621
54876123
54876132
54876213
54876231
54876312
54876321
56123478
56123487
56123748
56123784
56123847
56123874
56124378
56124387
56124738
56124783
56124837
56124873
56127348
56127384
56127438
56127483
56127834
56127843
56128347
56128374
56128437
56128473
56128734
56128743
56132478
56132487
56132748
56132784
56132847
56132874
56134278
56134287
56134728
56134782
56134827
56134872
56137248
56137284
56137428
56137482
56137824
56137842
56138247
56138274
56138427
56138472
56138724
56138742
56142378
56142387
56142738
56142783
56142837
56142873
56143278
56143287
56143728
56143782
56143827
56143872
56147238
56147283
56147328
56147382
56147823
56147832
56148237
56148273
56148327
56148372
56148723
56148732
56172348
56172384
56172438
56172483
56172834
56172843
56173248
56173284
56173428
56173482
56173824
56173842
56174238
56174283
56174328
56174382
56174823
56174832
56178234
56178243
56178324
56178342
56178423
56178432
56182347
56182374
56182437
56182473
56182734
56182743
56183247
56183274
56183427
56183472
56183724
56183742
56184237
56184273
56184327
56184372
56184723
56184732
56187234
56187243
56187324
56187342
56187423
56187432
56213478
56213487
56213748
56213784
56213847
56213874
56214378
56214387
56214738
56214783
56214837
56214873
56217348
56217384
56217438
56217483
56217834
56217843
56218347
56218374
56218437
56218473
56218734
56218743
56231478
56231487
56231748
56231784
56231847
56231874
56234178
56234187
56234718
56234781
56234817
56234871
56237148
56237184
56237418
56237481
56237814
56237841
56238147
56238174
56238417
56238471
56238714
56238741
56241378
56241387
56241738
56241783
56241837
56241873
56243178
56243187
56243718
56243781
56243817
56243871
56247138
56247183
56247318
56247381
56247813
56247831
56248137
56248173
56248317
56248371
56248713
56248731
56271348
56271384
56271438
56271483
56271834
56271843
56273148
56273184
56273418
56273481
56273814
56273841
56274138
56274183
56274318
56274381
56274813
56274831
56278134
56278143
56278314
56278341
56278413
56278431
56281347
56281374
56281437
56281473
56281734
56281743
56283147
56283174
56283417
56283471
56283714
56283741
56284137
56284173
56284317
56284371
56284713
56284731
56287134
56287143
56287314
56287341
56287413
56287431
56312478
56312487
56312748
56312784
56312847
56312874
56314278
56314287
56314728
56314782
56314827
56314872
56317248
56317284
56317428
56317482
56317824
56317842
56318247
56318274
56318427
56318472
56318724
56318742
56321478
56321487
56321748
56321784
56321847
56321874
56324178
56324187
56324718
56324781
56324817
56324871
56327148
56327184
56327418
56327481
56327814
56327841
56328147
56328174
56328417
56328471
56328714
56328741
56341278
56341287
56341728
56341782
56341827
56341872
56342178
56342187
56342718
56342781
56342817
56342871
56347128
56347182
56347218
56347281
56347812
56347821
56348127
56348172
56348217
56348271
56348712
56348721
56371248
56371284
56371428
56371482
56371824
56371842
56372148
56372184
56372418
56372481
56372814
56372841
56374128
56374182
56374218
56374281
56374812
56374821
56378124
56378142
56378214
56378241
56378412
56378421
56381247
56381274
56381427
56381472
56381724
56381742
56382147
56382174
56382417
56382471
56382714
56382741
56384127
56384172
56384217
56384271
56384712
56384721
56387124
56387142
56387214
56387241
56387412
56387421
56412378
56412387
56412738
56412783
56412837
56412873
56413278
56413287
56413728
56413782
56413827
56413872
56417238
56417283
56417328
56417382
56417823
56417832
56418237
56418273
56418327
56418372
56418723
56418732
56421378
56421387
56421738
56421783
56421837
56421873
56423178
56423187
56423718
56423781
56423817
56423871
56427138
56427183
56427318
56427381
56427813
56427831
56428137
56428173
56428317
56428371
56428713
56428731
56431278
56431287
56431728
56431782
56431827
56431872
56432178
56432187
56432718
56432781
56432817
56432871
56437128
56437182
56437218
56437281
56437812
56437821
56438127
56438172
56438217
56438271
56438712
56438721
56471238
56471283
56471328
56471382
56471823
56471832
56472138
56472183
56472318
56472381
56472813
56472831
56473128
56473182
56473218
56473281
56473812
56473821
56478123
56478132
56478213
56478231
56478312
56478321
56481237
56481273
56481327
56481372
56481723
56481732
56482137
56482173
56482317
56482371
56482713
56482731
56483127
56483172
56483217
56483271
56483712
56483721
56487123
56487132
56487213
56487231
56487312
56487321
56712348
56712384
56712438
56712483
56712834
56712843
56713248
56713284
56713428
56713482
56713824
56713842
56714238
56714283
56714328
56714382
56714823
56714832
56718234
56718243
56718324
56718342
56718423
56718432
56721348
56721384
56721438
56721483
56721834
56721843
56723148
56723184
56723418
56723481
56723814
56723841
56724138
56724183
56724318
56724381
56724813
56724831
56728134
56728143
56728314
56728341
56728413
56728431
56731248
56731284
56731428
56731482
56731824
56731842
56732148
56732184
56732418
56732481
56732814
56732841
56734128
56734182
56734218
56734281
56734812
56734821
56738124
56738142
56738214
56738241
56738412
56738421
56741238
56741283
56741328
56741382
56741823
56741832
56742138
56742183
56742318
56742381
56742813
56742831
56743128
56743182
56743218
56743281
56743812
56743821
56748123
56748132
56748213
56748231
56748312
56748321
56781234
56781243
56781324
56781342
56781423
56781432
56782134
56782143
56782314
56782341
56782413
56782431
56783124
56783142
56783214
56783241
56783412
56783421
56784123
56784132
56784213
56784231
56784312
56784321
56812347
56812374
56812437
56812473
56812734
56812743
56813247
56813274
56813427
56813472
56813724
56813742
56814237
56814273
56814327
56814372
56814723
56814732
56817234
56817243
56817324
56817342
56817423
56817432
56821347
56821374
56821437
56821473
56821734
56821743
56823147
56823174
56823417
56823471
56823714
56823741
56824137
56824173
56824317
56824371
56824713
56824731
56827134
56827143
56827314
56827341
56827413
56827431
56831247
56831274
56831427
56831472
56831724
56831742
56832147
56832174
56832417
56832471
56832714
56832741
56834127
56834172
56834217
56834271
56834712
56834721
56837124
56837142
56837214
56837241
56837412
56837421
56841237
56841273
56841327
56841372
56841723
56841732
56842137
56842173
56842317
56842371
56842713
56842731
56843127
56843172
56843217
56843271
56843712
56843721
56847123
56847132
56847213
56847231
56847312
56847321
56871234
56871243
56871324
56871342
56871423
56871432
56872134
56872143
56872314
56872341
56872413
56872431
56873124
56873142
56873214
56873241
56873412
56873421
56874123
56874132
56874213
56874231
56874312
56874321
57123468
57123486
57123648
57123684
57123846
57123864
57124368
57124386
57124638
57124683
57124836
57124863
57126348
57126384
57126438
57126483
57126834
57126843
57128346
57128364
57128436
57128463
57128634
57128643
57132468
57132486
57132648
57132684
57132846
57132864
57134268
57134286
57134628
57134682
57134826
57134862
57136248
57136284
57136428
57136482
57136824
57136842
57138246
57138264
57138426
57138462
57138624
57138642
57142368
57142386
57142638
57142683
57142836
57142863
57143268
57143286
57143628
57143682
57143826
57143862
57146238
57146283
57146328
57146382
57146823
57146832
57148236
57148263
57148326
57148362
57148623
57148632
57162348
57162384
57162438
57162483
57162834
57162843
57163248
57163284
57163428
57163482
57163824
57163842
57164238
57164283
57164328
57164382
57164823
57164832
57168234
57168243
57168324
57168342
57168423
57168432
57182346
57182364
57182436
57182463
57182634
57182643
57183246
57183264
57183426
57183462
57183624
57183642
57184236
57184263
57184326
57184362
57184623
57184632
57186234
57186243
57186324
57186342
57186423
57186432
57213468
57213486
57213648
57213684
57213846
57213864
57214368
57214386
57214638
57214683
57214836
57214863
57216348
57216384
57216438
57216483
57216834
57216843
57218346
57218364
57218436
57218463
57218634
57218643
57231468
57231486
57231648
57231684
57231846
57231864
57234168
57234186
57234618
57234681
57234816
57234861
57236148
57236184
57236418
57236481
57236814
57236841
57238146
57238164
57238416
57238461
57238614
57238641
57241368
57241386
57241638
57241683
57241836
57241863
57243168
57243186
57243618
57243681
57243816
57243861
57246138
57246183
57246318
57246381
57246813
57246831
57248136
57248163
57248316
57248361
57248613
57248631
57261348
57261384
57261438
57261483
57261834
57261843
57263148
57263184
57263418
57263481
57263814
57263841
57264138
57264183
57264318
57264381
57264813
57264831
57268134
57268143
57268314
57268341
57268413
57268431
57281346
57281364
57281436
57281463
57281634
57281643
57283146
57283164
57283416
57283461
57283614
57283641
57284136
57284163
57284316
57284361
57284613
57284631
57286134
57286143
57286314
57286341
57286413
57286431
57312468
57312486
57312648
57312684
57312846
57312864
57314268
57314286
57314628
57314682
57314826
57314862
57316248
57316284
57316428
57316482
57316824
57316842
57318246
57318264
57318426
57318462
57318624
57318642
57321468
57321486
57321648
57321684
57321846
57321864
57324168
57324186
57324618
57324681
57324816
57324861
57326148
57326184
57326418
57326481
57326814
57326841
57328146
57328164
57328416
57328461
57328614
57328641
57341268
57341286
57341628
57341682
57341826
57341862
57342168
57342186
57342618
57342681
57342816
57342861
57346128
57346182
57346218
57346281
57346812
57346821
57348126
57348162
57348216
57348261
57348612
57348621
57361248
57361284
57361428
57361482
57361824
57361842
57362148
57362184
57362418
57362481
57362814
57362841
57364128
57364182
57364218
57364281
57364812
57364821
57368124
57368142
57368214
57368241
57368412
57368421
57381246
57381264
57381426
57381462
57381624
57381642
57382146
57382164
57382416
57382461
57382614
57382641
57384126
57384162
57384216
57384261
57384612
57384621
57386124
57386142
57386214
57386241
57386412
57386421
57412368
57412386
57412638
57412683
57412836
57412863
57413268
57413286
57413628
57413682
57413826
57413862
57416238
57416283
57416328
57416382
57416823
57416832
57418236
57418263
57418326
57418362
57418623
57418632
57421368
57421386
57421638
57421683
57421836
57421863
57423168
57423186
57423618
57423681
57423816
57423861
57426138
57426183
57426318
57426381
57426813
57426831
57428136
57428163
57428316
57428361
57428613
57428631
57431268
57431286
57431628
57431682
57431826
57431862
57432168
57432186
57432618
57432681
57432816
57432861
57436128
57436182
57436218
57436281
57436812
57436821
57438126
57438162
57438216
57438261
57438612
57438621
57461238
57461283
57461328
57461382
57461823
57461832
57462138
57462183
57462318
57462381
57462813
57462831
57463128
57463182
57463218
57463281
57463812
57463821
57468123
57468132
57468213
57468231
57468312
57468321
57481236
57481263
57481326
57481362
57481623
57481632
57482136
57482163
57482316
57482361
57482613
57482631
57483126
57483162
57483216
57483261
57483612
57483621
57486123
57486132
57486213
57486231
57486312
57486321
57612348
57612384
57612438
57612483
57612834
57612843
57613248
57613284
57613428
57613482
57613824
57613842
57614238
57614283
57614328
57614382
57614823
57614832
57618234
57618243
57618324
57618342
57618423
57618432
57621348
57621384
57621438
57621483
57621834
57621843
57623148
57623184
57623418
57623481
57623814
57623841
57624138
57624183
57624318
57624381
57624813
57624831
57628134
57628143
57628314
57628341
57628413
57628431
57631248
57631284
57631428
57631482
57631824
57631842
57632148
57632184
57632418
57632481
57632814
57632841
57634128
57634182
57634218
57634281
57634812
57634821
57638124
57638142
57638214
57638241
57638412
57638421
57641238
57641283
57641328
57641382
57641823
57641832
57642138
57642183
57642318
57642381
57642813
57642831
57643128
57643182
57643218
57643281
57643812
57643821
57648123
57648132
57648213
57648231
57648312
57648321
57681234
57681243
57681324
57681342
57681423
57681432
57682134
57682143
57682314
57682341
57682413
57682431
57683124
57683142
57683214
57683241
57683412
57683421
57684123
57684132
57684213
57684231
57684312
57684321
57812346
57812364
57812436
57812463
57812634
57812643
57813246
57813264
57813426
57813462
57813624
57813642
57814236
57814263
57814326
57814362
57814623
57814632
57816234
57816243
57816324
57816342
57816423
57816432
57821346
57821364
57821436
57821463
57821634
57821643
57823146
57823164
57823416
57823461
57823614
57823641
57824136
57824163
57824316
57824361
57824613
57824631
57826134
57826143
57826314
57826341
57826413
57826431
57831246
57831264
57831426
57831462
57831624
57831642
57832146
57832164
57832416
57832461
57832614
57832641
57834126
57834162
57834216
57834261
57834612
57834621
57836124
57836142
57836214
57836241
57836412
57836421
57841236
57841263
57841326
57841362
57841623
57841632
57842136
57842163
57842316
57842361
57842613
57842631
57843126
57843162
57843216
57843261
57843612
57843621
57846123
57846132
57846213
57846231
57846312
57846321
57861234
57861243
57861324
57861342
57861423
57861432
57862134
57862143
57862314
57862341
57862413
57862431
57863124
57863142
57863214
57863241
57863412
57863421
57864123
57864132
57864213
57864231
57864312
57864321
58123467
58123476
58123647
58123674
58123746
58123764
58124367
58124376
58124637
58124673
58124736
58124763
58126347
58126374
58126437
58126473
58126734
58126743
58127346
58127364
58127436
58127463
58127634
58127643
58132467
58132476
58132647
58132674
58132746
58132764
58134267
58134276
58134627
58134672
58134726
58134762
58136247
58136274
58136427
58136472
58136724
58136742
58137246
58137264
58137426
58137462
58137624
58137642
58142367
58142376
58142637
58142673
58142736
58142763
58143267
58143276
58143627
58143672
58143726
58143762
58146237
58146273
58146327
58146372
58146723
58146732
58147236
58147263
58147326
58147362
58147623
58147632
58162347
58162374
58162437
58162473
58162734
58162743
58163247
58163274
58163427
58163472
58163724
58163742
58164237
58164273
58164327
58164372
58164723
58164732
58167234
58167243
58167324
58167342
58167423
58167432
58172346
58172364
58172436
58172463
58172634
58172643
58173246
58173264
58173426
58173462
58173624
58173642
58174236
58174263
58174326
58174362
58174623
58174632
58176234
58176243
58176324
58176342
58176423
58176432
58213467
58213476
58213647
58213674
58213746
58213764
58214367
58214376
58214637
58214673
58214736
58214763
58216347
58216374
58216437
58216473
58216734
58216743
58217346
58217364
58217436
58217463
58217634
58217643
58231467
58231476
58231647
58231674
58231746
58231764
58234167
58234176
58234617
58234671
58234716
58234761
58236147
58236174
58236417
58236471
58236714
58236741
58237146
58237164
58237416
58237461
58237614
58237641
58241367
58241376
58241637
58241673
58241736
58241763
58243167
58243176
58243617
58243671
58243716
58243761
58246137
58246173
58246317
58246371
58246713
58246731
58247136
58247163
58247316
58247361
58247613
58247631
58261347
58261374
58261437
58261473
58261734
58261743
58263147
58263174
58263417
58263471
58263714
58263741
58264137
58264173
58264317
58264371
58264713
58264731
58267134
58267143
58267314
58267341
58267413
58267431
58271346
58271364
58271436
58271463
58271634
58271643
58273146
58273164
58273416
58273461
58273614
58273641
58274136
58274163
58274316
58274361
58274613
58274631
58276134
58276143
58276314
58276341
58276413
58276431
58312467
58312476
58312647
58312674
58312746
58312764
58314267
58314276
58314627
58314672
58314726
58314762
58316247
58316274
58316427
58316472
58316724
58316742
58317246
58317264
58317426
58317462
58317624
58317642
58321467
58321476
58321647
58321674
58321746
58321764
58324167
58324176
58324617
58324671
58324716
58324761
58326147
58326174
58326417
58326471
58326714
58326741
58327146
58327164
58327416
58327461
58327614
58327641
58341267
58341276
58341627
58341672
58341726
58341762
58342167
58342176
58342617
58342671
58342716
58342761
58346127
58346172
58346217
58346271
58346712
58346721
58347126
58347162
58347216
58347261
58347612
58347621
58361247
58361274
58361427
58361472
58361724
58361742
58362147
58362174
58362417
58362471
58362714
58362741
58364127
58364172
58364217
58364271
58364712
58364721
58367124
58367142
58367214
58367241
58367412
58367421
58371246
58371264
58371426
58371462
58371624
58371642
58372146
58372164
58372416
58372461
58372614
58372641
58374126
58374162
58374216
58374261
58374612
58374621
58376124
58376142
58376214
58376241
58376412
58376421
58412367
58412376
58412637
58412673
58412736
58412763
58413267
58413276
58413627
58413672
58413726
58413762
58416237
58416273
58416327
58416372
58416723
58416732
58417236
58417263
58417326
58417362
58417623
58417632
58421367
58421376
58421637
58421673
58421736
58421763
58423167
58423176
58423617
58423671
58423716
58423761
58426137
58426173
58426317
58426371
58426713
58426731
58427136
58427163
58427316
58427361
58427613
58427631
58431267
58431276
58431627
58431672
58431726
58431762
58432167
58432176
58432617
58432671
58432716
58432761
58436127
58436172
58436217
58436271
58436712
58436721
58437126
58437162
58437216
58437261
58437612
58437621
58461237
58461273
58461327
58461372
58461723
58461732
58462137
58462173
58462317
58462371
58462713
58462731
58463127
58463172
58463217
58463271
58463712
58463721
58467123
58467132
58467213
58467231
58467312
58467321
58471236
58471263
58471326
58471362
58471623
58471632
58472136
58472163
58472316
58472361
58472613
58472631
58473126
58473162
58473216
58473261
58473612
58473621
58476123
58476132
58476213
58476231
58476312
58476321
58612347
58612374
58612437
58612473
58612734
58612743
58613247
58613274
58613427
58613472
58613724
58613742
58614237
58614273
58614327
58614372
58614723
58614732
58617234
58617243
58617324
58617342
58617423
58617432
58621347
58621374
58621437
58621473
58621734
58621743
58623147
58623174
58623417
58623471
58623714
58623741
58624137
58624173
58624317
58624371
58624713
58624731
58627134
58627143
58627314
58627341
58627413
58627431
58631247
58631274
58631427
58631472
58631724
58631742
58632147
58632174
58632417
58632471
58632714
58632741
58634127
58634172
58634217
58634271
58634712
58634721
58637124
58637142
58637214
58637241
58637412
58637421
58641237
58641273
58641327
58641372
58641723
58641732
58642137
58642173
58642317
58642371
58642713
58642731
58643127
58643172
58643217
58643271
58643712
58643721
58647123
58647132
58647213
58647231
58647312
58647321
58671234
58671243
58671324
58671342
58671423
58671432
58672134
58672143
58672314
58672341
58672413
58672431
58673124
58673142
58673214
58673241
58673412
58673421
58674123
58674132
58674213
58674231
58674312
58674321
58712346
58712364
58712436
58712463
58712634
58712643
58713246
58713264
58713426
58713462
58713624
58713642
58714236
58714263
58714326
58714362
58714623
58714632
58716234
58716243
58716324
58716342
58716423
58716432
58721346
58721364
58721436
58721463
58721634
58721643
58723146
58723164
58723416
58723461
58723614
58723641
58724136
58724163
58724316
58724361
58724613
58724631
58726134
58726143
58726314
58726341
58726413
58726431
58731246
58731264
58731426
58731462
58731624
58731642
58732146
58732164
58732416
58732461
58732614
58732641
58734126
58734162
58734216
58734261
58734612
58734621
58736124
58736142
58736214
58736241
58736412
58736421
58741236
58741263
58741326
58741362
58741623
58741632
58742136
58742163
58742316
58742361
58742613
58742631
58743126
58743162
58743216
58743261
58743612
58743621
58746123
58746132
58746213
58746231
58746312
58746321
58761234
58761243
58761324
58761342
58761423
58761432
58762134
58762143
58762314
58762341
58762413
58762431
58763124
58763142
58763214
58763241
58763412
58763421
58764123
58764132
58764213
58764231
58764312
58764321
