61234578
61234587
61234758
61234785
61234857
61234875
61235478
61235487
61235748
61235784
61235847
61235874
61237458
61237485
61237548
61237584
61237845
61237854
61238457
61238475
61238547
61238574
61238745
61238754
61243578
61243587
61243758
61243785
61243857
61243875
61245378
61245387
61245738
61245783
61245837
61245873
61247358
61247385
61247538
61247583
61247835
61247853
61248357
61248375
61248537
61248573
61248735
61248753
61253478
61253487
61253748
61253784
61253847
61253874
61254378
61254387
61254738
61254783
61254837
61254873
61257348
61257384
61257438
61257483
61257834
61257843
61258347
61258374
61258437
61258473
61258734
61258743
61273458
61273485
61273548
61273584
61273845
61273854
61274358
61274385
61274538
61274583
61274835
61274853
61275348
61275384
61275438
61275483
61275834
61275843
61278345
61278354
61278435
61278453
61278534
61278543
61283457
61283475
61283547
61283574
61283745
61283754
61284357
61284375
61284537
61284573
61284735
61284753
61285347
61285374
61285437
61285473
61285734
61285743
61287345
61287354
61287435
61287453
61287534
61287543
61324578
61324587
61324758
61324785
61324857
61324875
61325478
61325487
61325748
61325784
61325847
61325874
61327458
61327485
61327548
61327584
61327845
61327854
61328457
61328475
61328547
61328574
61328745
61328754
61342578
61342587
61342758
61342785
61342857
61342875
61345278
61345287
61345728
61345782
61345827
61345872
61347258
61347285
61347528
61347582
61347825
61347852
61348257
61348275
61348527
61348572
61348725
61348752
61352478
61352487
61352748
61352784
61352847
61352874
61354278
61354287
61354728
61354782
61354827
61354872
61357248
61357284
61357428
61357482
61357824
61357842
61358247
61358274
61358427
61358472
61358724
61358742
61372458
61372485
61372548
61372584
61372845
61372854
61374258
61374285
61374528
61374582
61374825
61374852
61375248
61375284
61375428
61375482
61375824
61375842
61378245
61378254
61378425
61378452
61378524
61378542
61382457
61382475
61382547
61382574
61382745
61382754
61384257
61384275
61384527
61384572
61384725
61384752
61385247
61385274
61385427
61385472
61385724
61385742
61387245
61387254
61387425
61387452
61387524
61387542
61423578
61423587
61423758
61423785
61423857
61423875
61425378
61425387
61425738
61425783
61425837
61425873
61427358
61427385
61427538
61427583
61427835
61427853
61428357
61428375
61428537
61428573
61428735
61428753
61432578
61432587
61432758
61432785
61432857
61432875
61435278
61435287
61435728
61435782
61435827
61435872
61437258
61437285
61437528
61437582
61437825
61437852
61438257
61438275
61438527
61438572
61438725
61438752
61452378
61452387
61452738
61452783
61452837
61452873
61453278
61453287
61453728
61453782
61453827
61453872
61457238
61457283
61457328
61457382
61457823
61457832
61458237
61458273
61458327
61458372
61458723
61458732
61472358
61472385
61472538
61472583
61472835
61472853
61473258
61473285
61473528
61473582
61473825
61473852
61475238
61475283
61475328
61475382
61475823
61475832
61478235
61478253
61478325
61478352
61478523
61478532
61482357
61482375
61482537
61482573
61482735
61482753
61483257
61483275
61483527
61483572
61483725
61483752
61485237
61485273
61485327
61485372
61485723
61485732
61487235
61487253
61487325
61487352
61487523
61487532
61523478
61523487
61523748
61523784
61523847
61523874
61524378
61524387
61524738
61524783
61524837
61524873
61527348
61527384
61527438
61527483
61527834
61527843
61528347
61528374
61528437
61528473
61528734
61528743
61532478
61532487
61532748
61532784
61532847
61532874
61534278
61534287
61534728
61534782
61534827
61534872
61537248
61537284
61537428
61537482
61537824
61537842
61538247
61538274
61538427
61538472
61538724
61538742
61542378
61542387
61542738
61542783
61542837
61542873
61543278
61543287
61543728
61543782
61543827
61543872
61547238
61547283
61547328
61547382
61547823
61547832
61548237
61548273
61548327
61548372
61548723
61548732
61572348
61572384
61572438
61572483
61572834
61572843
61573248
61573284
61573428
61573482
61573824
61573842
61574238
61574283
61574328
61574382
61574823
61574832
61578234
61578243
61578324
61578342
61578423
61578432
61582347
61582374
61582437
61582473
61582734
61582743
61583247
61583274
61583427
61583472
61583724
61583742
61584237
61584273
61584327
61584372
61584723
61584732
61587234
61587243
61587324
61587342
61587423
61587432
61723458
61723485
61723548
61723584
61723845
61723854
61724358
61724385
61724538
61724583
61724835
61724853
61725348
61725384
61725438
61725483
61725834
61725843
61728345
61728354
61728435
61728453
61728534
61728543
61732458
61732485
61732548
61732584
61732845
61732854
61734258
61734285
61734528
61734582
61734825
61734852
61735248
61735284
61735428
61735482
61735824
61735842
61738245
61738254
61738425
61738452
61738524
61738542
61742358
61742385
61742538
61742583
61742835
61742853
61743258
61743285
61743528
61743582
61743825
61743852
61745238
61745283
61745328
61745382
61745823
61745832
61748235
61748253
61748325
61748352
61748523
61748532
61752348
61752384
61752438
61752483
61752834
61752843
61753248
61753284
61753428
61753482
61753824
61753842
61754238
61754283
61754328
61754382
61754823
61754832
61758234
61758243
61758324
61758342
61758423
61758432
61782345
61782354
61782435
61782453
61782534
61782543
61783245
61783254
61783425
61783452
61783524
61783542
61784235
61784253
61784325
61784352
61784523
61784532
61785234
61785243
61785324
61785342
61785423
61785432
61823457
61823475
61823547
61823574
61823745
61823754
61824357
61824375
61824537
61824573
61824735
61824753
61825347
61825374
61825437
61825473
61825734
61825743
61827345
61827354
61827435
61827453
61827534
61827543
61832457
61832475
61832547
61832574
61832745
61832754
61834257
61834275
61834527
61834572
61834725
61834752
61835247
61835274
61835427
61835472
61835724
61835742
61837245
61837254
61837425
61837452
61837524
61837542
61842357
61842375
61842537
61842573
61842735
61842753
61843257
61843275
61843527
61843572
61843725
61843752
61845237
61845273
61845327
61845372
61845723
61845732
61847235
61847253
61847325
61847352
61847523
61847532
61852347
61852374
61852437
61852473
61852734
61852743
61853247
61853274
61853427
61853472
61853724
61853742
61854237
61854273
61854327
61854372
61854723
61854732
61857234
61857243
61857324
61857342
61857423
61857432
61872345
61872354
61872435
61872453
61872534
61872543
61873245
61873254
61873425
61873452
61873524
61873542
61874235
61874253
61874325
61874352
61874523
61874532
61875234
61875243
61875324
61875342
61875423
61875432
62134578
62134587
62134758
62134785
62134857
62134875
62135478
62135487
62135748
62135784
62135847
62135874
62137458
62137485
62137548
62137584
62137845
62137854
62138457
62138475
62138547
62138574
62138745
62138754
62143578
62143587
62143758
62143785
62143857
62143875
62145378
62145387
62145738
62145783
62145837
62145873
62147358
62147385
62147538
62147583
62147835
62147853
62148357
62148375
62148537
62148573
62148735
62148753
62153478
62153487
62153748
62153784
62153847
62153874
62154378
62154387
62154738
62154783
62154837
62154873
62157348
62157384
62157438
62157483
62157834
62157843
62158347
62158374
62158437
62158473
62158734
62158743
62173458
62173485
62173548
62173584
62173845
62173854
62174358
62174385
62174538
62174583
62174835
62174853
62175348
62175384
62175438
62175483
62175834
62175843
62178345
62178354
62178435
62178453
62178534
62178543
62183457
62183475
62183547
62183574
62183745
62183754
62184357
62184375
62184537
62184573
62184735
62184753
62185347
62185374
62185437
62185473
62185734
62185743
62187345
62187354
62187435
62187453
62187534
62187543
62314578
62314587
62314758
62314785
62314857
62314875
62315478
62315487
62315748
62315784
62315847
62315874
62317458
62317485
62317548
62317584
62317845
62317854
62318457
62318475
62318547
62318574
62318745
62318754
62341578
62341587
62341758
62341785
62341857
62341875
62345178
62345187
62345718
62345781
62345817
62345871
62347158
62347185
62347518
62347581
62347815
62347851
62348157
62348175
62348517
62348571
62348715
62348751
62351478
62351487
62351748
62351784
62351847
62351874
62354178
62354187
62354718
62354781
62354817
62354871
62357148
62357184
62357418
62357481
62357814
62357841
62358147
62358174
62358417
62358471
62358714
62358741
62371458
62371485
62371548
62371584
62371845
62371854
62374158
62374185
62374518
62374581
62374815
62374851
62375148
62375184
62375418
62375481
62375814
62375841
62378145
62378154
62378415
62378451
62378514
62378541
62381457
62381475
62381547
62381574
62381745
62381754
62384157
62384175
62384517
62384571
62384715
62384751
62385147
62385174
62385417
62385471
62385714
62385741
62387145
62387154
62387415
62387451
62387514
62387541
62413578
62413587
62413758
62413785
62413857
62413875
62415378
62415387
62415738
62415783
62415837
62415873
62417358
62417385
62417538
62417583
62417835
62417853
62418357
62418375
62418537
62418573
62418735
62418753
62431578
62431587
62431758
62431785
62431857
62431875
62435178
62435187
62435718
62435781
62435817
62435871
62437158
62437185
62437518
62437581
62437815
62437851
62438157
62438175
62438517
62438571
62438715
62438751
62451378
62451387
62451738
62451783
62451837
62451873
62453178
62453187
62453718
62453781
62453817
62453871
62457138
62457183
62457318
62457381
62457813
62457831
62458137
62458173
62458317
62458371
62458713
62458731
62471358
62471385
62471538
62471583
62471835
62471853
62473158
62473185
62473518
62473581
62473815
62473851
62475138
62475183
62475318
62475381
62475813
62475831
62478135
62478153
62478315
62478351
62478513
62478531
62481357
62481375
62481537
62481573
62481735
62481753
62483157
62483175
62483517
62483571
62483715
62483751
62485137
62485173
62485317
62485371
62485713
62485731
62487135
62487153
62487315
62487351
62487513
62487531
62513478
62513487
62513748
62513784
62513847
62513874
62514378
62514387
62514738
62514783
62514837
62514873
62517348
62517384
62517438
62517483
62517834
62517843
62518347
62518374
62518437
62518473
62518734
62518743
62531478
62531487
62531748
62531784
62531847
62531874
62534178
62534187
62534718
62534781
62534817
62534871
62537148
62537184
62537418
62537481
62537814
62537841
62538147
62538174
62538417
62538471
62538714
62538741
62541378
62541387
62541738
62541783
62541837
62541873
62543178
62543187
62543718
62543781
62543817
62543871
62547138
62547183
62547318
62547381
62547813
62547831
62548137
62548173
62548317
62548371
62548713
62548731
62571348
62571384
62571438
62571483
62571834
62571843
62573148
62573184
62573418
62573481
62573814
62573841
62574138
62574183
62574318
62574381
62574813
62574831
62578134
62578143
62578314
62578341
62578413
62578431
62581347
62581374
62581437
62581473
62581734
62581743
62583147
62583174
62583417
62583471
62583714
62583741
62584137
62584173
62584317
62584371
62584713
62584731
62587134
62587143
62587314
62587341
62587413
62587431
62713458
62713485
62713548
62713584
62713845
62713854
62714358
62714385
62714538
62714583
62714835
62714853
62715348
62715384
62715438
62715483
62715834
62715843
62718345
62718354
62718435
62718453
62718534
62718543
62731458
62731485
62731548
62731584
62731845
62731854
62734158
62734185
62734518
62734581
62734815
62734851
62735148
62735184
62735418
62735481
62735814
62735841
62738145
62738154
62738415
62738451
62738514
62738541
62741358
62741385
62741538
62741583
62741835
62741853
62743158
62743185
62743518
62743581
62743815
62743851
62745138
62745183
62745318
62745381
62745813
62745831
62748135
62748153
62748315
62748351
62748513
62748531
62751348
62751384
62751438
62751483
62751834
62751843
62753148
62753184
62753418
62753481
62753814
62753841
62754138
62754183
62754318
62754381
62754813
62754831
62758134
62758143
62758314
62758341
62758413
62758431
62781345
62781354
62781435
62781453
62781534
62781543
62783145
62783154
62783415
62783451
62783514
62783541
62784135
62784153
62784315
62784351
62784513
62784531
62785134
62785143
62785314
62785341
62785413
62785431
62813457
62813475
62813547
62813574
62813745
62813754
62814357
62814375
62814537
62814573
62814735
62814753
62815347
62815374
62815437
62815473
62815734
62815743
62817345
62817354
62817435
62817453
62817534
62817543
62831457
62831475
62831547
62831574
62831745
62831754
62834157
62834175
62834517
62834571
62834715
62834751
62835147
62835174
62835417
62835471
62835714
62835741
62837145
62837154
62837415
62837451
62837514
62837541
62841357
62841375
62841537
62841573
62841735
62841753
62843157
62843175
62843517
62843571
62843715
62843751
62845137
62845173
62845317
62845371
62845713
62845731
62847135
62847153
62847315
62847351
62847513
62847531
62851347
62851374
62851437
62851473
62851734
62851743
62853147
62853174
62853417
62853471
62853714
62853741
62854137
62854173
62854317
62854371
62854713
62854731
62857134
62857143
62857314
62857341
62857413
62857431
62871345
62871354
62871435
62871453
62871534
62871543
62873145
62873154
62873415
62873451
62873514
62873541
62874135
62874153
62874315
62874351
62874513
62874531
62875134
62875143
62875314
62875341
62875413
62875431
63124578
63124587
63124758
63124785
63124857
63124875
63125478
63125487
63125748
63125784
63125847
63125874
63127458
63127485
63127548
63127584
63127845
63127854
63128457
63128475
63128547
63128574
63128745
63128754
63142578
63142587
63142758
63142785
63142857
63142875
63145278
63145287
63145728
63145782
63145827
63145872
63147258
63147285
63147528
63147582
63147825
63147852
63148257
63148275
63148527
63148572
63148725
63148752
63152478
63152487
63152748
63152784
63152847
63152874
63154278
63154287
63154728
63154782
63154827
63154872
63157248
63157284
63157428
63157482
63157824
63157842
63158247
63158274
63158427
63158472
63158724
63158742
63172458
63172485
63172548
63172584
63172845
63172854
63174258
63174285
63174528
63174582
63174825
63174852
63175248
63175284
63175428
63175482
63175824
63175842
63178245
63178254
63178425
63178452
63178524
63178542
63182457
63182475
63182547
63182574
63182745
63182754
63184257
63184275
63184527
63184572
63184725
63184752
63185247
63185274
63185427
63185472
63185724
63185742
63187245
63187254
63187425
63187452
63187524
63187542
63214578
63214587
63214758
63214785
63214857
63214875
63215478
63215487
63215748
63215784
63215847
63215874
63217458
63217485
63217548
63217584
63217845
63217854
63218457
63218475
63218547
63218574
63218745
63218754
63241578
63241587
63241758
63241785
63241857
63241875
63245178
63245187
63245718
63245781
63245817
63245871
63247158
63247185
63247518
63247581
63247815
63247851
63248157
63248175
63248517
63248571
63248715
63248751
63251478
63251487
63251748
63251784
63251847
63251874
63254178
63254187
63254718
63254781
63254817
63254871
63257148
63257184
63257418
63257481
63257814
63257841
63258147
63258174
63258417
63258471
63258714
63258741
63271458
63271485
63271548
63271584
63271845
63271854
63274158
63274185
63274518
63274581
63274815
63274851
63275148
63275184
63275418
63275481
63275814
63275841
63278145
63278154
63278415
63278451
63278514
63278541
63281457
63281475
63281547
63281574
63281745
63281754
63284157
63284175
63284517
63284571
63284715
63284751
63285147
63285174
63285417
63285471
63285714
63285741
63287145
63287154
63287415
63287451
63287514
63287541
63412578
63412587
63412758
63412785
63412857
63412875
63415278
63415287
63415728
63415782
63415827
63415872
63417258
63417285
63417528
63417582
63417825
63417852
63418257
63418275
63418527
63418572
63418725
63418752
63421578
63421587
63421758
63421785
63421857
63421875
63425178
63425187
63425718
63425781
63425817
63425871
63427158
63427185
63427518
63427581
63427815
63427851
63428157
63428175
63428517
63428571
63428715
63428751
63451278
63451287
63451728
63451782
63451827
63451872
63452178
63452187
63452718
63452781
63452817
63452871
63457128
63457182
63457218
63457281
63457812
63457821
63458127
63458172
63458217
63458271
63458712
63458721
63471258
63471285
63471528
63471582
63471825
63471852
63472158
63472185
63472518
63472581
63472815
63472851
63475128
63475182
63475218
63475281
63475812
63475821
63478125
63478152
63478215
63478251
63478512
63478521
63481257
63481275
63481527
63481572
63481725
63481752
63482157
63482175
63482517
63482571
63482715
63482751
63485127
63485172
63485217
63485271
63485712
63485721
63487125
63487152
63487215
63487251
63487512
63487521
63512478
63512487
63512748
63512784
63512847
63512874
63514278
63514287
63514728
63514782
63514827
63514872
63517248
63517284
63517428
63517482
63517824
63517842
63518247
63518274
63518427
63518472
63518724
63518742
63521478
63521487
63521748
63521784
63521847
63521874
63524178
63524187
63524718
63524781
63524817
63524871
63527148
63527184
63527418
63527481
63527814
63527841
63528147
63528174
63528417
63528471
63528714
63528741
63541278
63541287
63541728
63541782
63541827
63541872
63542178
63542187
63542718
63542781
63542817
63542871
63547128
63547182
63547218
63547281
63547812
63547821
63548127
63548172
63548217
63548271
63548712
63548721
63571248
63571284
63571428
63571482
63571824
63571842
63572148
63572184
63572418
63572481
63572814
63572841
63574128
63574182
63574218
63574281
63574812
63574821
63578124
63578142
63578214
63578241
63578412
63578421
63581247
63581274
63581427
63581472
63581724
63581742
63582147
63582174
63582417
63582471
63582714
63582741
63584127
63584172
63584217
63584271
63584712
63584721
63587124
63587142
63587214
63587241
63587412
63587421
63712458
63712485
63712548
63712584
63712845
63712854
63714258
63714285
63714528
63714582
63714825
63714852
63715248
63715284
63715428
63715482
63715824
63715842
63718245
63718254
63718425
63718452
63718524
63718542
63721458
63721485
63721548
63721584
63721845
63721854
63724158
63724185
63724518
63724581
63724815
63724851
63725148
63725184
63725418
63725481
63725814
63725841
63728145
63728154
63728415
63728451
63728514
63728541
63741258
63741285
63741528
63741582
63741825
63741852
63742158
63742185
63742518
63742581
63742815
63742851
63745128
63745182
63745218
63745281
63745812
63745821
63748125
63748152
63748215
63748251
63748512
63748521
63751248
63751284
63751428
63751482
63751824
63751842
63752148
63752184
63752418
63752481
63752814
63752841
63754128
63754182
63754218
63754281
63754812
63754821
63758124
63758142
63758214
63758241
63758412
63758421
63781245
63781254
63781425
63781452
63781524
63781542
63782145
63782154
63782415
63782451
63782514
63782541
63784125
63784152
63784215
63784251
63784512
63784521
63785124
63785142
63785214
63785241
63785412
63785421
63812457
63812475
63812547
63812574
63812745
63812754
63814257
63814275
63814527
63814572
63814725
63814752
63815247
63815274
63815427
63815472
63815724
63815742
63817245
63817254
63817425
63817452
63817524
63817542
63821457
63821475
63821547
63821574
63821745
63821754
63824157
63824175
63824517
63824571
63824715
63824751
63825147
63825174
63825417
63825471
63825714
63825741
63827145
63827154
63827415
63827451
63827514
63827541
63841257
63841275
63841527
63841572
63841725
63841752
63842157
63842175
63842517
63842571
63842715
63842751
63845127
63845172
63845217
63845271
63845712
63845721
63847125
63847152
63847215
63847251
63847512
63847521
63851247
63851274
63851427
63851472
63851724
63851742
63852147
63852174
63852417
63852471
63852714
63852741
63854127
63854172
63854217
63854271
63854712
63854721
63857124
63857142
63857214
63857241
63857412
63857421
63871245
63871254
63871425
63871452
63871524
63871542
63872145
63872154
63872415
63872451
63872514
63872541
63874125
63874152
63874215
63874251
63874512
63874521
63875124
63875142
63875214
63875241
63875412
63875421
64123578
64123587
64123758
64123785
64123857
64123875
64125378
64125387
64125738
64125783
64125837
64125873
64127358
64127385
64127538
64127583
64127835
64127853
64128357
64128375
64128537
64128573
64128735
64128753
64132578
64132587
64132758
64132785
64132857
64132875
64135278
64135287
64135728
64135782
64135827
64135872
64137258
64137285
64137528
64137582
64137825
64137852
64138257
64138275
64138527
64138572
64138725
64138752
64152378
64152387
64152738
64152783
64152837
64152873
64153278
64153287
64153728
64153782
64153827
64153872
64157238
64157283
64157328
64157382
64157823
64157832
64158237
64158273
64158327
64158372
64158723
64158732
64172358
64172385
64172538
64172583
64172835
64172853
64173258
64173285
64173528
64173582
64173825
64173852
64175238
64175283
64175328
64175382
64175823
64175832
64178235
64178253
64178325
64178352
64178523
64178532
64182357
64182375
64182537
64182573
64182735
64182753
64183257
64183275
64183527
64183572
64183725
64183752
64185237
64185273
64185327
64185372
64185723
64185732
64187235
64187253
64187325
64187352
64187523
64187532
64213578
64213587
64213758
64213785
64213857
64213875
64215378
64215387
64215738
64215783
64215837
64215873
64217358
64217385
64217538
64217583
64217835
64217853
64218357
64218375
64218537
64218573
64218735
64218753
64231578
64231587
64231758
64231785
64231857
64231875
64235178
64235187
64235718
64235781
64235817
64235871
64237158
64237185
64237518
64237581
64237815
64237851
64238157
64238175
64238517
64238571
64238715
64238751
64251378
64251387
64251738
64251783
64251837
64251873
64253178
64253187
64253718
64253781
64253817
64253871
64257138
64257183
64257318
64257381
64257813
64257831
64258137
64258173
64258317
64258371
64258713
64258731
64271358
64271385
64271538
64271583
64271835
64271853
64273158
64273185
64273518
64273581
64273815
64273851
64275138
64275183
64275318
64275381
64275813
64275831
64278135
64278153
64278315
64278351
64278513
64278531
64281357
64281375
64281537
64281573
64281735
64281753
64283157
64283175
64283517
64283571
64283715
64283751
64285137
64285173
64285317
64285371
64285713
64285731
64287135
64287153
64287315
64287351
64287513
64287531
64312578
64312587
64312758
64312785
64312857
64312875
64315278
64315287
64315728
64315782
64315827
64315872
64317258
64317285
64317528
64317582
64317825
64317852
64318257
64318275
64318527
64318572
64318725
64318752
64321578
64321587
64321758
64321785
64321857
64321875
64325178
64325187
64325718
64325781
64325817
64325871
64327158
64327185
64327518
64327581
64327815
64327851
64328157
64328175
64328517
64328571
64328715
64328751
64351278
64351287
64351728
64351782
64351827
64351872
64352178
64352187
64352718
64352781
64352817
64352871
64357128
64357182
64357218
64357281
64357812
64357821
64358127
64358172
64358217
64358271
64358712
64358721
64371258
64371285
64371528
64371582
64371825
64371852
64372158
64372185
64372518
64372581
64372815
64372851
64375128
64375182
64375218
64375281
64375812
64375821
64378125
64378152
64378215
64378251
64378512
64378521
64381257
64381275
64381527
64381572
64381725
64381752
64382157
64382175
64382517
64382571
64382715
64382751
64385127
64385172
64385217
64385271
64385712
64385721
64387125
64387152
64387215
64387251
64387512
64387521
64512378
64512387
64512738
64512783
64512837
64512873
64513278
64513287
64513728
64513782
64513827
64513872
64517238
64517283
64517328
64517382
64517823
64517832
64518237
64518273
64518327
64518372
64518723
64518732
64521378
64521387
64521738
64521783
64521837
64521873
64523178
64523187
64523718
64523781
64523817
64523871
64527138
64527183
64527318
64527381
64527813
64527831
64528137
64528173
64528317
64528371
64528713
64528731
64531278
64531287
64531728
64531782
64531827
64531872
64532178
64532187
64532718
64532781
64532817
64532871
64537128
64537182
64537218
64537281
64537812
64537821
64538127
64538172
64538217
64538271
64538712
64538721
64571238
64571283
64571328
64571382
64571823
64571832
64572138
64572183
64572318
64572381
64572813
64572831
64573128
64573182
64573218
64573281
64573812
64573821
64578123
64578132
64578213
64578231
64578312
64578321
64581237
64581273
64581327
64581372
64581723
64581732
64582137
64582173
64582317
64582371
64582713
64582731
64583127
64583172
64583217
64583271
64583712
64583721
64587123
64587132
64587213
64587231
64587312
64587321
64712358
64712385
64712538
64712583
64712835
64712853
64713258
64713285
64713528
64713582
64713825
64713852
64715238
64715283
64715328
64715382
64715823
64715832
64718235
64718253
64718325
64718352
64718523
64718532
64721358
64721385
64721538
64721583
64721835
64721853
64723158
64723185
64723518
64723581
64723815
64723851
64725138
64725183
64725318
64725381
64725813
64725831
64728135
64728153
64728315
64728351
64728513
64728531
64731258
64731285
64731528
64731582
64731825
64731852
64732158
64732185
64732518
64732581
64732815
64732851
64735128
64735182
64735218
64735281
64735812
64735821
64738125
64738152
64738215
64738251
64738512
64738521
64751238
64751283
64751328
64751382
64751823
64751832
64752138
64752183
64752318
64752381
64752813
64752831
64753128
64753182
64753218
64753281
64753812
64753821
64758123
64758132
64758213
64758231
64758312
64758321
64781235
64781253
64781325
64781352
64781523
64781532
64782135
64782153
64782315
64782351
64782513
64782531
64783125
64783152
64783215
64783251
64783512
64783521
64785123
64785132
64785213
64785231
64785312
64785321
64812357
64812375
64812537
64812573
64812735
64812753
64813257
64813275
64813527
64813572
64813725
64813752
64815237
64815273
64815327
64815372
64815723
64815732
64817235
64817253
64817325
64817352
64817523
64817532
64821357
64821375
64821537
64821573
64821735
64821753
64823157
64823175
64823517
64823571
64823715
64823751
64825137
64825173
64825317
64825371
64825713
64825731
64827135
64827153
64827315
64827351
64827513
64827531
64831257
64831275
64831527
64831572
64831725
64831752
64832157
64832175
64832517
64832571
64832715
64832751
64835127
64835172
64835217
64835271
64835712
64835721
64837125
64837152
64837215
64837251
64837512
64837521
64851237
64851273
64851327
64851372
64851723
64851732
64852137
64852173
64852317
64852371
64852713
64852731
64853127
64853172
64853217
64853271
64853712
64853721
64857123
64857132
64857213
64857231
64857312
64857321
64871235
64871253
64871325
64871352
64871523
64871532
64872135
64872153
64872315
64872351
64872513
64872531
64873125
64873152
64873215
64873251
64873512
64873521
64875123
64875132
64875213
64875231
64875312
64875321
65123478
65123487
65123748
65123784
65123847
65123874
65124378
65124387
65124738
65124783
65124837
65124873
65127348
65127384
65127438
65127483
65127834
65127843
65128347
65128374
65128437
65128473
65128734
65128743
65132478
65132487
65132748
65132784
65132847
65132874
65134278
65134287
65134728
65134782
65134827
65134872
65137248
65137284
65137428
65137482
65137824
65137842
65138247
65138274
65138427
65138472
65138724
65138742
65142378
65142387
65142738
65142783
65142837
65142873
65143278
65143287
65143728
65143782
65143827
65143872
65147238
65147283
65147328
65147382
65147823
65147832
65148237
65148273
65148327
65148372
65148723
65148732
65172348
65172384
65172438
65172483
65172834
65172843
65173248
65173284
65173428
65173482
65173824
65173842
65174238
65174283
65174328
65174382
65174823
65174832
65178234
65178243
65178324
65178342
65178423
65178432
65182347
65182374
65182437
65182473
65182734
65182743
65183247
65183274
65183427
65183472
65183724
65183742
65184237
65184273
65184327
65184372
65184723
65184732
65187234
65187243
65187324
65187342
65187423
65187432
65213478
65213487
65213748
65213784
65213847
65213874
65214378
65214387
65214738
65214783
65214837
65214873
65217348
65217384
65217438
65217483
65217834
65217843
65218347
65218374
65218437
65218473
65218734
65218743
65231478
65231487
65231748
65231784
65231847
65231874
65234178
65234187
65234718
65234781
65234817
65234871
65237148
65237184
65237418
65237481
65237814
65237841
65238147
65238174
65238417
65238471
65238714
65238741
65241378
65241387
65241738
65241783
65241837
65241873
65243178
65243187
65243718
65243781
65243817
65243871
65247138
65247183
65247318
65247381
65247813
65247831
65248137
65248173
65248317
65248371
65248713
65248731
65271348
65271384
65271438
65271483
65271834
65271843
65273148
65273184
65273418
65273481
65273814
65273841
65274138
65274183
65274318
65274381
65274813
65274831
65278134
65278143
65278314
65278341
65278413
65278431
65281347
65281374
65281437
65281473
65281734
65281743
65283147
65283174
65283417
65283471
65283714
65283741
65284137
65284173
65284317
65284371
65284713
65284731
65287134
65287143
65287314
65287341
65287413
65287431
65312478
65312487
65312748
65312784
65312847
65312874
65314278
65314287
65314728
65314782
65314827
65314872
65317248
65317284
65317428
65317482
65317824
65317842
65318247
65318274
65318427
65318472
65318724
65318742
65321478
65321487
65321748
65321784
65321847
65321874
65324178
65324187
65324718
65324781
65324817
65324871
65327148
65327184
65327418
65327481
65327814
65327841
65328147
65328174
65328417
65328471
65328714
65328741
65341278
65341287
65341728
65341782
65341827
65341872
65342178
65342187
65342718
65342781
65342817
65342871
65347128
65347182
65347218
65347281
65347812
65347821
65348127
65348172
65348217
65348271
65348712
65348721
65371248
65371284
65371428
65371482
65371824
65371842
65372148
65372184
65372418
65372481
65372814
65372841
65374128
65374182
65374218
65374281
65374812
65374821
65378124
65378142
65378214
65378241
65378412
65378421
65381247
65381274
65381427
65381472
65381724
65381742
65382147
65382174
65382417
65382471
65382714
65382741
65384127
65384172
65384217
65384271
65384712
65384721
65387124
65387142
65387214
65387241
65387412
65387421
65412378
65412387
65412738
65412783
65412837
65412873
65413278
65413287
65413728
65413782
65413827
65413872
65417238
65417283
65417328
65417382
65417823
65417832
65418237
65418273
65418327
65418372
65418723
65418732
65421378
65421387
65421738
65421783
65421837
65421873
65423178
65423187
65423718
65423781
65423817
65423871
65427138
65427183
65427318
65427381
65427813
65427831
65428137
65428173
65428317
65428371
65428713
65428731
65431278
65431287
65431728
65431782
65431827
65431872
65432178
65432187
65432718
65432781
65432817
65432871
65437128
65437182
65437218
65437281
65437812
65437821
65438127
65438172
65438217
65438271
65438712
65438721
65471238
65471283
65471328
65471382
65471823
65471832
65472138
65472183
65472318
65472381
65472813
65472831
65473128
65473182
65473218
65473281
65473812
65473821
65478123
65478132
65478213
65478231
65478312
65478321
65481237
65481273
65481327
65481372
65481723
65481732
65482137
65482173
65482317
65482371
65482713
65482731
65483127
65483172
65483217
65483271
65483712
65483721
65487123
65487132
65487213
65487231
65487312
65487321
65712348
65712384
65712438
65712483
65712834
65712843
65713248
65713284
65713428
65713482
65713824
65713842
65714238
65714283
65714328
65714382
65714823
65714832
65718234
65718243
65718324
65718342
65718423
65718432
65721348
65721384
65721438
65721483
65721834
65721843
65723148
65723184
65723418
65723481
65723814
65723841
65724138
65724183
65724318
65724381
65724813
65724831
65728134
65728143
65728314
65728341
65728413
65728431
65731248
65731284
65731428
65731482
65731824
65731842
65732148
65732184
65732418
65732481
65732814
65732841
65734128
65734182
65734218
65734281
65734812
65734821
65738124
65738142
65738214
65738241
65738412
65738421
65741238
65741283
65741328
65741382
65741823
65741832
65742138
65742183
65742318
65742381
65742813
65742831
65743128
65743182
65743218
65743281
65743812
65743821
65748123
65748132
65748213
65748231
65748312
65748321
65781234
65781243
65781324
65781342
65781423
65781432
65782134
65782143
65782314
65782341
65782413
65782431
65783124
65783142
65783214
65783241
65783412
65783421
65784123
65784132
65784213
65784231
65784312
65784321
65812347
65812374
65812437
65812473
65812734
65812743
65813247
65813274
65813427
65813472
65813724
65813742
65814237
65814273
65814327
65814372
65814723
65814732
65817234
65817243
65817324
65817342
65817423
65817432
65821347
65821374
65821437
65821473
65821734
65821743
65823147
65823174
65823417
65823471
65823714
65823741
65824137
65824173
65824317
65824371
65824713
65824731
65827134
65827143
65827314
65827341
65827413
65827431
65831247
65831274
65831427
65831472
65831724
65831742
65832147
65832174
65832417
65832471
65832714
65832741
65834127
65834172
65834217
65834271
65834712
65834721
65837124
65837142
65837214
65837241
65837412
65837421
65841237
65841273
65841327
65841372
65841723
65841732
65842137
65842173
65842317
65842371
65842713
65842731
65843127
65843172
65843217
65843271
65843712
65843721
65847123
65847132
65847213
65847231
65847312
65847321
65871234
65871243
65871324
65871342
65871423
65871432
65872134
65872143
65872314
65872341
65872413
65872431
65873124
65873142
65873214
65873241
65873412
65873421
65874123
65874132
65874213
65874231
65874312
65874321
67123458
67123485
67123548
67123584
67123845
67123854
67124358
67124385
67124538
67124583
67124835
67124853
67125348
67125384
67125438
67125483
67125834
67125843
67128345
67128354
67128435
67128453
67128534
67128543
67132458
67132485
67132548
67132584
67132845
67132854
67134258
67134285
67134528
67134582
67134825
67134852
67135248
67135284
67135428
67135482
67135824
67135842
67138245
67138254
67138425
67138452
67138524
67138542
67142358
67142385
67142538
67142583
67142835
67142853
67143258
67143285
67143528
67143582
67143825
67143852
67145238
67145283
67145328
67145382
67145823
67145832
67148235
67148253
67148325
67148352
67148523
67148532
67152348
67152384
67152438
67152483
67152834
67152843
67153248
67153284
67153428
67153482
67153824
67153842
67154238
67154283
67154328
67154382
67154823
67154832
67158234
67158243
67158324
67158342
67158423
67158432
67182345
67182354
67182435
67182453
67182534
67182543
67183245
67183254
67183425
67183452
67183524
67183542
67184235
67184253
67184325
67184352
67184523
67184532
67185234
67185243
67185324
67185342
67185423
67185432
67213458
67213485
67213548
67213584
67213845
67213854
67214358
67214385
67214538
67214583
67214835
67214853
67215348
67215384
67215438
67215483
67215834
67215843
67218345
67218354
67218435
67218453
67218534
67218543
67231458
67231485
67231548
67231584
67231845
67231854
67234158
67234185
67234518
67234581
67234815
67234851
67235148
67235184
67235418
67235481
67235814
67235841
67238145
67238154
67238415
67238451
67238514
67238541
67241358
67241385
67241538
67241583
67241835
67241853
67243158
67243185
67243518
67243581
67243815
67243851
67245138
67245183
67245318
67245381
67245813
67245831
67248135
67248153
67248315
67248351
67248513
67248531
67251348
67251384
67251438
67251483
67251834
67251843
67253148
67253184
67253418
67253481
67253814
67253841
67254138
67254183
67254318
67254381
67254813
67254831
67258134
67258143
67258314
67258341
67258413
67258431
67281345
67281354
67281435
67281453
67281534
67281543
67283145
67283154
67283415
67283451
67283514
67283541
67284135
67284153
67284315
67284351
67284513
67284531
67285134
67285143
67285314
67285341
67285413
67285431
67312458
67312485
67312548
67312584
67312845
67312854
67314258
67314285
67314528
67314582
67314825
67314852
67315248
67315284
67315428
67315482
67315824
67315842
67318245
67318254
67318425
67318452
67318524
67318542
67321458
67321485
67321548
67321584
67321845
67321854
67324158
67324185
67324518
67324581
67324815
67324851
67325148
67325184
67325418
67325481
67325814
67325841
67328145
67328154
67328415
67328451
67328514
67328541
67341258
67341285
67341528
67341582
67341825
67341852
67342158
67342185
67342518
67342581
67342815
67342851
67345128
67345182
67345218
67345281
67345812
67345821
67348125
67348152
67348215
67348251
67348512
67348521
67351248
67351284
67351428
67351482
67351824
67351842
67352148
67352184
67352418
67352481
67352814
67352841
67354128
67354182
67354218
67354281
67354812
67354821
67358124
67358142
67358214
67358241
67358412
67358421
67381245
67381254
67381425
67381452
67381524
67381542
67382145
67382154
67382415
67382451
67382514
67382541
67384125
67384152
67384215
67384251
67384512
67384521
67385124
67385142
67385214
67385241
67385412
67385421
67412358
67412385
67412538
67412583
67412835
67412853
67413258
67413285
67413528
67413582
67413825
67413852
67415238
67415283
67415328
67415382
67415823
67415832
67418235
67418253
67418325
67418352
67418523
67418532
67421358
67421385
67421538
67421583
67421835
67421853
67423158
67423185
67423518
67423581
67423815
67423851
67425138
67425183
67425318
67425381
67425813
67425831
67428135
67428153
67428315
67428351
67428513
67428531
67431258
67431285
67431528
67431582
67431825
67431852
67432158
67432185
67432518
67432581
67432815
67432851
67435128
67435182
67435218
67435281
67435812
67435821
67438125
67438152
67438215
67438251
67438512
67438521
67451238
67451283
67451328
67451382
67451823
67451832
67452138
67452183
67452318
67452381
67452813
67452831
67453128
67453182
67453218
67453281
67453812
67453821
67458123
67458132
67458213
67458231
67458312
67458321
67481235
67481253
67481325
67481352
67481523
67481532
67482135
67482153
67482315
67482351
67482513
67482531
67483125
67483152
67483215
67483251
67483512
67483521
67485123
67485132
67485213
67485231
67485312
67485321
67512348
67512384
67512438
67512483
67512834
67512843
67513248
67513284
67513428
67513482
67513824
67513842
67514238
67514283
67514328
67514382
67514823
67514832
67518234
67518243
67518324
67518342
67518423
67518432
67521348
67521384
67521438
67521483
67521834
67521843
67523148
67523184
67523418
67523481
67523814
67523841
67524138
67524183
67524318
67524381
67524813
67524831
67528134
67528143
67528314
67528341
67528413
67528431
67531248
67531284
67531428
67531482
67531824
67531842
67532148
67532184
67532418
67532481
67532814
67532841
67534128
67534182
67534218
67534281
67534812
67534821
67538124
67538142
67538214
67538241
67538412
67538421
67541238
67541283
67541328
67541382
67541823
67541832
67542138
67542183
67542318
67542381
67542813
67542831
67543128
67543182
67543218
67543281
67543812
67543821
67548123
67548132
67548213
67548231
67548312
67548321
67581234
67581243
67581324
67581342
67581423
67581432
67582134
67582143
67582314
67582341
67582413
67582431
67583124
67583142
67583214
67583241
67583412
67583421
67584123
67584132
67584213
67584231
67584312
67584321
67812345
67812354
67812435
67812453
67812534
67812543
67813245
67813254
67813425
67813452
67813524
67813542
67814235
67814253
67814325
67814352
67814523
67814532
67815234
67815243
67815324
67815342
67815423
67815432
67821345
67821354
67821435
67821453
67821534
67821543
67823145
67823154
67823415
67823451
67823514
67823541
67824135
67824153
67824315
67824351
67824513
67824531
67825134
67825143
67825314
67825341
67825413
67825431
67831245
67831254
67831425
67831452
67831524
67831542
67832145
67832154
67832415
67832451
67832514
67832541
67834125
67834152
67834215
67834251
67834512
67834521
67835124
67835142
67835214
67835241
67835412
67835421
67841235
67841253
67841325
67841352
67841523
67841532
67842135
67842153
67842315
67842351
67842513
67842531
67843125
67843152
67843215
67843251
67843512
67843521
67845123
67845132
67845213
67845231
67845312
67845321
67851234
67851243
67851324
67851342
67851423
67851432
67852134
67852143
67852314
67852341
67852413
67852431
67853124
67853142
67853214
67853241
67853412
67853421
67854123
67854132
67854213
67854231
67854312
67854321
68123457
68123475
68123547
68123574
68123745
68123754
68124357
68124375
68124537
68124573
68124735
68124753
68125347
68125374
68125437
68125473
68125734
68125743
68127345
68127354
68127435
68127453
68127534
68127543
68132457
68132475
68132547
68132574
68132745
68132754
68134257
68134275
68134527
68134572
68134725
68134752
68135247
68135274
68135427
68135472
68135724
68135742
68137245
68137254
68137425
68137452
68137524
68137542
68142357
68142375
68142537
68142573
68142735
68142753
68143257
68143275
68143527
68143572
68143725
68143752
68145237
68145273
68145327
68145372
68145723
68145732
68147235
68147253
68147325
68147352
68147523
68147532
68152347
68152374
68152437
68152473
68152734
68152743
68153247
68153274
68153427
68153472
68153724
68153742
68154237
68154273
68154327
68154372
68154723
68154732
68157234
68157243
68157324
68157342
68157423
68157432
68172345
68172354
68172435
68172453
68172534
68172543
68173245
68173254
68173425
68173452
68173524
68173542
68174235
68174253
68174325
68174352
68174523
68174532
68175234
68175243
68175324
68175342
68175423
68175432
68213457
68213475
68213547
68213574
68213745
68213754
68214357
68214375
68214537
68214573
68214735
68214753
68215347
68215374
68215437
68215473
68215734
68215743
68217345
68217354
68217435
68217453
68217534
68217543
68231457
68231475
68231547
68231574
68231745
68231754
68234157
68234175
68234517
68234571
68234715
68234751
68235147
68235174
68235417
68235471
68235714
68235741
68237145
68237154
68237415
68237451
68237514
68237541
68241357
68241375
68241537
68241573
68241735
68241753
68243157
68243175
68243517
68243571
68243715
68243751
68245137
68245173
68245317
68245371
68245713
68245731
68247135
68247153
68247315
68247351
68247513
68247531
68251347
68251374
68251437
68251473
68251734
68251743
68253147
68253174
68253417
68253471
68253714
68253741
68254137
68254173
68254317
68254371
68254713
68254731
68257134
68257143
68257314
68257341
68257413
68257431
68271345
68271354
68271435
68271453
68271534
68271543
68273145
68273154
68273415
68273451
68273514
68273541
68274135
68274153
68274315
68274351
68274513
68274531
68275134
68275143
68275314
68275341
68275413
68275431
68312457
68312475
68312547
68312574
68312745
68312754
68314257
68314275
68314527
68314572
68314725
68314752
68315247
68315274
68315427
68315472
68315724
68315742
68317245
68317254
68317425
68317452
68317524
68317542
68321457
68321475
68321547
68321574
68321745
68321754
68324157
68324175
68324517
68324571
68324715
68324751
68325147
68325174
68325417
68325471
68325714
68325741
68327145
68327154
68327415
68327451
68327514
68327541
68341257
68341275
68341527
68341572
68341725
68341752
68342157
68342175
68342517
68342571
68342715
68342751
68345127
68345172
68345217
68345271
68345712
68345721
68347125
68347152
68347215
68347251
68347512
68347521
68351247
68351274
68351427
68351472
68351724
68351742
68352147
68352174
68352417
68352471
68352714
68352741
68354127
68354172
68354217
68354271
68354712
68354721
68357124
68357142
68357214
68357241
68357412
68357421
68371245
68371254
68371425
68371452
68371524
68371542
68372145
68372154
68372415
68372451
68372514
68372541
68374125
68374152
68374215
68374251
68374512
68374521
68375124
68375142
68375214
68375241
68375412
68375421
68412357
68412375
68412537
68412573
68412735
68412753
68413257
68413275
68413527
68413572
68413725
68413752
68415237
68415273
68415327
68415372
68415723
68415732
68417235
68417253
68417325
68417352
68417523
68417532
68421357
68421375
68421537
68421573
68421735
68421753
68423157
68423175
68423517
68423571
68423715
68423751
68425137
68425173
68425317
68425371
68425713
68425731
68427135
68427153
68427315
68427351
68427513
68427531
68431257
68431275
68431527
68431572
68431725
68431752
68432157
68432175
68432517
68432571
68432715
68432751
68435127
68435172
68435217
68435271
68435712
68435721
68437125
68437152
68437215
68437251
68437512
68437521
68451237
68451273
68451327
68451372
68451723
68451732
68452137
68452173
68452317
68452371
68452713
68452731
68453127
68453172
68453217
68453271
68453712
68453721
68457123
68457132
68457213
68457231
68457312
68457321
68471235
68471253
68471325
68471352
68471523
68471532
68472135
68472153
68472315
68472351
68472513
68472531
68473125
68473152
68473215
68473251
68473512
68473521
68475123
68475132
68475213
68475231
68475312
68475321
68512347
68512374
68512437
68512473
68512734
68512743
68513247
68513274
68513427
68513472
68513724
68513742
68514237
68514273
68514327
68514372
68514723
68514732
68517234
68517243
68517324
68517342
68517423
68517432
68521347
68521374
68521437
68521473
68521734
68521743
68523147
68523174
68523417
68523471
68523714
68523741
68524137
68524173
68524317
68524371
68524713
68524731
68527134
68527143
68527314
68527341
68527413
68527431
68531247
68531274
68531427
68531472
68531724
68531742
68532147
68532174
68532417
68532471
68532714
68532741
68534127
68534172
68534217
68534271
68534712
68534721
68537124
68537142
68537214
68537241
68537412
68537421
68541237
68541273
68541327
68541372
68541723
68541732
68542137
68542173
68542317
68542371
68542713
68542731
68543127
68543172
68543217
68543271
68543712
68543721
68547123
68547132
68547213
68547231
68547312
68547321
68571234
68571243
68571324
68571342
68571423
68571432
68572134
68572143
68572314
68572341
68572413
68572431
68573124
68573142
68573214
68573241
68573412
68573421
68574123
68574132
68574213
68574231
68574312
68574321
68712345
68712354
68712435
68712453
68712534
68712543
68713245
68713254
68713425
68713452
68713524
68713542
68714235
68714253
68714325
68714352
68714523
68714532
68715234
68715243
68715324
68715342
68715423
68715432
68721345
68721354
68721435
68721453
68721534
68721543
68723145
68723154
68723415
68723451
68723514
68723541
68724135
68724153
68724315
68724351
68724513
68724531
68725134
68725143
68725314
68725341
68725413
68725431
68731245
68731254
68731425
68731452
68731524
68731542
68732145
68732154
68732415
68732451
68732514
68732541
68734125
68734152
68734215
68734251
68734512
68734521
68735124
68735142
68735214
68735241
68735412
68735421
68741235
68741253
68741325
68741352
68741523
68741532
68742135
68742153
68742315
68742351
68742513
68742531
68743125
68743152
68743215
68743251
68743512
68743521
68745123
68745132
68745213
68745231
68745312
68745321
68751234
68751243
68751324
68751342
68751423
68751432
68752134
68752143
68752314
68752341
68752413
68752431
68753124
68753142
68753214
68753241
68753412
68753421
68754123
68754132
68754213
68754231
68754312
68754321
