71234568
71234586
71234658
71234685
71234856
71234865
71235468
71235486
71235648
71235684
71235846
71235864
71236458
71236485
71236548
71236584
71236845
71236854
71238456
71238465
71238546
71238564
71238645
71238654
71243568
71243586
71243658
71243685
71243856
71243865
71245368
71245386
71245638
71245683
71245836
71245863
71246358
71246385
71246538
71246583
71246835
71246853
71248356
71248365
71248536
71248563
71248635
71248653
71253468
71253486
71253648
71253684
71253846
71253864
71254368
71254386
71254638
71254683
71254836
71254863
71256348
71256384
71256438
71256483
71256834
71256843
71258346
71258364
71258436
71258463
71258634
71258643
71263458
71263485
71263548
71263584
71263845
71263854
71264358
71264385
71264538
71264583
71264835
71264853
71265348
71265384
71265438
71265483
71265834
71265843
71268345
71268354
71268435
71268453
71268534
71268543
71283456
71283465
71283546
71283564
71283645
71283654
71284356
71284365
71284536
71284563
71284635
71284653
71285346
71285364
71285436
71285463
71285634
71285643
71286345
71286354
71286435
71286453
71286534
71286543
71324568
71324586
71324658
71324685
71324856
71324865
71325468
71325486
71325648
71325684
71325846
71325864
71326458
71326485
71326548
71326584
71326845
71326854
71328456
71328465
71328546
71328564
71328645
71328654
71342568
71342586
71342658
71342685
71342856
71342865
71345268
71345286
71345628
71345682
71345826
71345862
71346258
71346285
71346528
71346582
71346825
71346852
71348256
71348265
71348526
71348562
71348625
71348652
71352468
71352486
71352648
71352684
71352846
71352864
71354268
71354286
71354628
71354682
71354826
71354862
71356248
71356284
71356428
71356482
71356824
71356842
71358246
71358264
71358426
71358462
71358624
71358642
71362458
71362485
71362548
71362584
71362845
71362854
71364258
71364285
71364528
71364582
71364825
71364852
71365248
71365284
71365428
71365482
71365824
71365842
71368245
71368254
71368425
71368452
71368524
71368542
71382456
71382465
71382546
71382564
71382645
71382654
71384256
71384265
71384526
71384562
71384625
71384652
71385246
71385264
71385426
71385462
71385624
71385642
71386245
71386254
71386425
71386452
71386524
71386542
71423568
71423586
71423658
71423685
71423856
71423865
71425368
71425386
71425638
71425683
71425836
71425863
71426358
71426385
71426538
71426583
71426835
71426853
71428356
71428365
71428536
71428563
71428635
71428653
71432568
71432586
71432658
71432685
71432856
71432865
71435268
71435286
71435628
71435682
71435826
71435862
71436258
71436285
71436528
71436582
71436825
71436852
71438256
71438265
71438526
71438562
71438625
71438652
71452368
71452386
71452638
71452683
71452836
71452863
71453268
71453286
71453628
71453682
71453826
71453862
71456238
71456283
71456328
71456382
71456823
71456832
71458236
71458263
71458326
71458362
71458623
71458632
71462358
71462385
71462538
71462583
71462835
71462853
71463258
71463285
71463528
71463582
71463825
71463852
71465238
71465283
71465328
71465382
71465823
71465832
71468235
71468253
71468325
71468352
71468523
71468532
71482356
71482365
71482536
71482563
71482635
71482653
71483256
71483265
71483526
71483562
71483625
71483652
71485236
71485263
71485326
71485362
71485623
71485632
71486235
71486253
71486325
71486352
71486523
71486532
71523468
71523486
71523648
71523684
71523846
71523864
71524368
71524386
71524638
71524683
71524836
71524863
71526348
71526384
71526438
71526483
71526834
71526843
71528346
71528364
71528436
71528463
71528634
71528643
71532468
71532486
71532648
71532684
71532846
71532864
71534268
71534286
71534628
71534682
71534826
71534862
71536248
71536284
71536428
71536482
71536824
71536842
71538246
71538264
71538426
71538462
71538624
71538642
71542368
71542386
71542638
71542683
71542836
71542863
71543268
71543286
71543628
71543682
71543826
71543862
71546238
71546283
71546328
71546382
71546823
71546832
71548236
71548263
71548326
71548362
71548623
71548632
71562348
71562384
71562438
71562483
71562834
71562843
71563248
71563284
71563428
71563482
71563824
71563842
71564238
71564283
71564328
71564382
71564823
71564832
71568234
71568243
71568324
71568342
71568423
71568432
71582346
71582364
71582436
71582463
71582634
71582643
71583246
71583264
71583426
71583462
71583624
71583642
71584236
71584263
71584326
71584362
71584623
71584632
71586234
71586243
71586324
71586342
71586423
71586432
71623458
71623485
71623548
71623584
71623845
71623854
71624358
71624385
71624538
71624583
71624835
71624853
71625348
71625384
71625438
71625483
71625834
71625843
71628345
71628354
71628435
71628453
71628534
71628543
71632458
71632485
71632548
71632584
71632845
71632854
71634258
71634285
71634528
71634582
71634825
71634852
71635248
71635284
71635428
71635482
71635824
71635842
71638245
71638254
71638425
71638452
71638524
71638542
71642358
71642385
71642538
71642583
71642835
71642853
71643258
71643285
71643528
71643582
71643825
71643852
71645238
71645283
71645328
71645382
71645823
71645832
71648235
71648253
71648325
71648352
71648523
71648532
71652348
71652384
71652438
71652483
71652834
71652843
71653248
71653284
71653428
71653482
71653824
71653842
71654238
71654283
71654328
71654382
71654823
71654832
71658234
71658243
71658324
71658342
71658423
71658432
71682345
71682354
71682435
71682453
71682534
71682543
71683245
71683254
71683425
71683452
71683524
71683542
71684235
71684253
71684325
71684352
71684523
71684532
71685234
71685243
71685324
71685342
71685423
71685432
71823456
71823465
71823546
71823564
71823645
71823654
71824356
71824365
71824536
71824563
71824635
71824653
71825346
71825364
71825436
71825463
71825634
71825643
71826345
71826354
71826435
71826453
71826534
71826543
71832456
71832465
71832546
71832564
71832645
71832654
71834256
71834265
71834526
71834562
71834625
71834652
71835246
71835264
71835426
71835462
71835624
71835642
71836245
71836254
71836425
71836452
71836524
71836542
71842356
71842365
71842536
71842563
71842635
71842653
71843256
71843265
71843526
71843562
71843625
71843652
71845236
71845263
71845326
71845362
71845623
71845632
71846235
71846253
71846325
71846352
71846523
71846532
71852346
71852364
71852436
71852463
71852634
71852643
71853246
71853264
71853426
71853462
71853624
71853642
71854236
71854263
71854326
71854362
71854623
71854632
71856234
71856243
71856324
71856342
71856423
71856432
71862345
71862354
71862435
71862453
71862534
71862543
71863245
71863254
71863425
71863452
71863524
71863542
71864235
71864253
71864325
71864352
71864523
71864532
71865234
71865243
71865324
71865342
71865423
71865432
72134568
72134586
72134658
72134685
72134856
72134865
72135468
72135486
72135648
72135684
72135846
72135864
72136458
72136485
72136548
72136584
72136845
72136854
72138456
72138465
72138546
72138564
72138645
72138654
72143568
72143586
72143658
72143685
72143856
72143865
72145368
72145386
72145638
72145683
72145836
72145863
72146358
72146385
72146538
72146583
72146835
72146853
72148356
72148365
72148536
72148563
72148635
72148653
72153468
72153486
72153648
72153684
72153846
72153864
72154368
72154386
72154638
72154683
72154836
72154863
72156348
72156384
72156438
72156483
72156834
72156843
72158346
72158364
72158436
72158463
72158634
72158643
72163458
72163485
72163548
72163584
72163845
72163854
72164358
72164385
72164538
72164583
72164835
72164853
72165348
72165384
72165438
72165483
72165834
72165843
72168345
72168354
72168435
72168453
72168534
72168543
72183456
72183465
72183546
72183564
72183645
72183654
72184356
72184365
72184536
72184563
72184635
72184653
72185346
72185364
72185436
72185463
72185634
72185643
72186345
72186354
72186435
72186453
72186534
72186543
72314568
72314586
72314658
72314685
72314856
72314865
72315468
72315486
72315648
72315684
72315846
72315864
72316458
72316485
72316548
72316584
72316845
72316854
72318456
72318465
72318546
72318564
72318645
72318654
72341568
72341586
72341658
72341685
72341856
72341865
72345168
72345186
72345618
72345681
72345816
72345861
72346158
72346185
72346518
72346581
72346815
72346851
72348156
72348165
72348516
72348561
72348615
72348651
72351468
72351486
72351648
72351684
72351846
72351864
72354168
72354186
72354618
72354681
72354816
72354861
72356148
72356184
72356418
72356481
72356814
72356841
72358146
72358164
72358416
72358461
72358614
72358641
72361458
72361485
72361548
72361584
72361845
72361854
72364158
72364185
72364518
72364581
72364815
72364851
72365148
72365184
72365418
72365481
72365814
72365841
72368145
72368154
72368415
72368451
72368514
72368541
72381456
72381465
72381546
72381564
72381645
72381654
72384156
72384165
72384516
72384561
72384615
72384651
72385146
72385164
72385416
72385461
72385614
72385641
72386145
72386154
72386415
72386451
72386514
72386541
72413568
72413586
72413658
72413685
72413856
72413865
72415368
72415386
72415638
72415683
72415836
72415863
72416358
72416385
72416538
72416583
72416835
72416853
72418356
72418365
72418536
72418563
72418635
72418653
72431568
72431586
72431658
72431685
72431856
72431865
72435168
72435186
72435618
72435681
72435816
72435861
72436158
72436185
72436518
72436581
72436815
72436851
72438156
72438165
72438516
72438561
72438615
72438651
72451368
72451386
72451638
72451683
72451836
72451863
72453168
72453186
72453618
72453681
72453816
72453861
72456138
72456183
72456318
72456381
72456813
72456831
72458136
72458163
72458316
72458361
72458613
72458631
72461358
72461385
72461538
72461583
72461835
72461853
72463158
72463185
72463518
72463581
72463815
72463851
72465138
72465183
72465318
72465381
72465813
72465831
72468135
72468153
72468315
72468351
72468513
72468531
72481356
72481365
72481536
72481563
72481635
72481653
72483156
72483165
72483516
72483561
72483615
72483651
72485136
72485163
72485316
72485361
72485613
72485631
72486135
72486153
72486315
72486351
72486513
72486531
72513468
72513486
72513648
72513684
72513846
72513864
72514368
72514386
72514638
72514683
72514836
72514863
72516348
72516384
72516438
72516483
72516834
72516843
72518346
72518364
72518436
72518463
72518634
72518643
72531468
72531486
72531648
72531684
72531846
72531864
72534168
72534186
72534618
72534681
72534816
72534861
72536148
72536184
72536418
72536481
72536814
72536841
72538146
72538164
72538416
72538461
72538614
72538641
72541368
72541386
72541638
72541683
72541836
72541863
72543168
72543186
72543618
72543681
72543816
72543861
72546138
72546183
72546318
72546381
72546813
72546831
72548136
72548163
72548316
72548361
72548613
72548631
72561348
72561384
72561438
72561483
72561834
72561843
72563148
72563184
72563418
72563481
72563814
72563841
72564138
72564183
72564318
72564381
72564813
72564831
72568134
72568143
72568314
72568341
72568413
72568431
72581346
72581364
72581436
72581463
72581634
72581643
72583146
72583164
72583416
72583461
72583614
72583641
72584136
72584163
72584316
72584361
72584613
72584631
72586134
72586143
72586314
72586341
72586413
72586431
72613458
72613485
72613548
72613584
72613845
72613854
72614358
72614385
72614538
72614583
72614835
72614853
72615348
72615384
72615438
72615483
72615834
72615843
72618345
72618354
72618435
72618453
72618534
72618543
72631458
72631485
72631548
72631584
72631845
72631854
72634158
72634185
72634518
72634581
72634815
72634851
72635148
72635184
72635418
72635481
72635814
72635841
72638145
72638154
72638415
72638451
72638514
72638541
72641358
72641385
72641538
72641583
72641835
72641853
72643158
72643185
72643518
72643581
72643815
72643851
72645138
72645183
72645318
72645381
72645813
72645831
72648135
72648153
72648315
72648351
72648513
72648531
72651348
72651384
72651438
72651483
72651834
72651843
72653148
72653184
72653418
72653481
72653814
72653841
72654138
72654183
72654318
72654381
72654813
72654831
72658134
72658143
72658314
72658341
72658413
72658431
72681345
72681354
72681435
72681453
72681534
72681543
72683145
72683154
72683415
72683451
72683514
72683541
72684135
72684153
72684315
72684351
72684513
72684531
72685134
72685143
72685314
72685341
72685413
72685431
72813456
72813465
72813546
72813564
72813645
72813654
72814356
72814365
72814536
72814563
72814635
72814653
72815346
72815364
72815436
72815463
72815634
72815643
72816345
72816354
72816435
72816453
72816534
72816543
72831456
72831465
72831546
72831564
72831645
72831654
72834156
72834165
72834516
72834561
72834615
72834651
72835146
72835164
72835416
72835461
72835614
72835641
72836145
72836154
72836415
72836451
72836514
72836541
72841356
72841365
72841536
72841563
72841635
72841653
72843156
72843165
72843516
72843561
72843615
72843651
72845136
72845163
72845316
72845361
72845613
72845631
72846135
72846153
72846315
72846351
72846513
72846531
72851346
72851364
72851436
72851463
72851634
72851643
72853146
72853164
72853416
72853461
72853614
72853641
72854136
72854163
72854316
72854361
72854613
72854631
72856134
72856143
72856314
72856341
72856413
72856431
72861345
72861354
72861435
72861453
72861534
72861543
72863145
72863154
72863415
72863451
72863514
72863541
72864135
72864153
72864315
72864351
72864513
72864531
72865134
72865143
72865314
72865341
72865413
72865431
73124568
73124586
73124658
73124685
73124856
73124865
73125468
73125486
73125648
73125684
73125846
73125864
73126458
73126485
73126548
73126584
73126845
73126854
73128456
73128465
73128546
73128564
73128645
73128654
73142568
73142586
73142658
73142685
73142856
73142865
73145268
73145286
73145628
73145682
73145826
73145862
73146258
73146285
73146528
73146582
73146825
73146852
73148256
73148265
73148526
73148562
73148625
73148652
73152468
73152486
73152648
73152684
73152846
73152864
73154268
73154286
73154628
73154682
73154826
73154862
73156248
73156284
73156428
73156482
73156824
73156842
73158246
73158264
73158426
73158462
73158624
73158642
73162458
73162485
73162548
73162584
73162845
73162854
73164258
73164285
73164528
73164582
73164825
73164852
73165248
73165284
73165428
73165482
73165824
73165842
73168245
73168254
73168425
73168452
73168524
73168542
73182456
73182465
73182546
73182564
73182645
73182654
73184256
73184265
73184526
73184562
73184625
73184652
73185246
73185264
73185426
73185462
73185624
73185642
73186245
73186254
73186425
73186452
73186524
73186542
73214568
73214586
73214658
73214685
73214856
73214865
73215468
73215486
73215648
73215684
73215846
73215864
73216458
73216485
73216548
73216584
73216845
73216854
73218456
73218465
73218546
73218564
73218645
73218654
73241568
73241586
73241658
73241685
73241856
73241865
73245168
73245186
73245618
73245681
73245816
73245861
73246158
73246185
73246518
73246581
73246815
73246851
73248156
73248165
73248516
73248561
73248615
73248651
73251468
73251486
73251648
73251684
73251846
73251864
73254168
73254186
73254618
73254681
73254816
73254861
73256148
73256184
73256418
73256481
73256814
73256841
73258146
73258164
73258416
73258461
73258614
73258641
73261458
73261485
73261548
73261584
73261845
73261854
73264158
73264185
73264518
73264581
73264815
73264851
73265148
73265184
73265418
73265481
73265814
73265841
73268145
73268154
73268415
73268451
73268514
73268541
73281456
73281465
73281546
73281564
73281645
73281654
73284156
73284165
73284516
73284561
73284615
73284651
73285146
73285164
73285416
73285461
73285614
73285641
73286145
73286154
73286415
73286451
73286514
73286541
73412568
73412586
73412658
73412685
73412856
73412865
73415268
73415286
73415628
73415682
73415826
73415862
73416258
73416285
73416528
73416582
73416825
73416852
73418256
73418265
73418526
73418562
73418625
73418652
73421568
73421586
73421658
73421685
73421856
73421865
73425168
73425186
73425618
73425681
73425816
73425861
73426158
73426185
73426518
73426581
73426815
73426851
73428156
73428165
73428516
73428561
73428615
73428651
73451268
73451286
73451628
73451682
73451826
73451862
73452168
73452186
73452618
73452681
73452816
73452861
73456128
73456182
73456218
73456281
73456812
73456821
73458126
73458162
73458216
73458261
73458612
73458621
73461258
73461285
73461528
73461582
73461825
73461852
73462158
73462185
73462518
73462581
73462815
73462851
73465128
73465182
73465218
73465281
73465812
73465821
73468125
73468152
73468215
73468251
73468512
73468521
73481256
73481265
73481526
73481562
73481625
73481652
73482156
73482165
73482516
73482561
73482615
73482651
73485126
73485162
73485216
73485261
73485612
73485621
73486125
73486152
73486215
73486251
73486512
73486521
73512468
73512486
73512648
73512684
73512846
73512864
73514268
73514286
73514628
73514682
73514826
73514862
73516248
73516284
73516428
73516482
73516824
73516842
73518246
73518264
73518426
73518462
73518624
73518642
73521468
73521486
73521648
73521684
73521846
73521864
73524168
73524186
73524618
73524681
73524816
73524861
73526148
73526184
73526418
73526481
73526814
73526841
73528146
73528164
73528416
73528461
73528614
73528641
73541268
73541286
73541628
73541682
73541826
73541862
73542168
73542186
73542618
73542681
73542816
73542861
73546128
73546182
73546218
73546281
73546812
73546821
73548126
73548162
73548216
73548261
73548612
73548621
73561248
73561284
73561428
73561482
73561824
73561842
73562148
73562184
73562418
73562481
73562814
73562841
73564128
73564182
73564218
73564281
73564812
73564821
73568124
73568142
73568214
73568241
73568412
73568421
73581246
73581264
73581426
73581462
73581624
73581642
73582146
73582164
73582416
73582461
73582614
73582641
73584126
73584162
73584216
73584261
73584612
73584621
73586124
73586142
73586214
73586241
73586412
73586421
73612458
73612485
73612548
73612584
73612845
73612854
73614258
73614285
73614528
73614582
73614825
73614852
73615248
73615284
73615428
73615482
73615824
73615842
73618245
73618254
73618425
73618452
73618524
73618542
73621458
73621485
73621548
73621584
73621845
73621854
73624158
73624185
73624518
73624581
73624815
73624851
73625148
73625184
73625418
73625481
73625814
73625841
73628145
73628154
73628415
73628451
73628514
73628541
73641258
73641285
73641528
73641582
73641825
73641852
73642158
73642185
73642518
73642581
73642815
73642851
73645128
73645182
73645218
73645281
73645812
73645821
73648125
73648152
73648215
73648251
73648512
73648521
73651248
73651284
73651428
73651482
73651824
73651842
73652148
73652184
73652418
73652481
73652814
73652841
73654128
73654182
73654218
73654281
73654812
73654821
73658124
73658142
73658214
73658241
73658412
73658421
73681245
73681254
73681425
73681452
73681524
73681542
73682145
73682154
73682415
73682451
73682514
73682541
73684125
73684152
73684215
73684251
73684512
73684521
73685124
73685142
73685214
73685241
73685412
73685421
73812456
73812465
73812546
73812564
73812645
73812654
73814256
73814265
73814526
73814562
73814625
73814652
73815246
73815264
73815426
73815462
73815624
73815642
73816245
73816254
73816425
73816452
73816524
73816542
73821456
73821465
73821546
73821564
73821645
73821654
73824156
73824165
73824516
73824561
73824615
73824651
73825146
73825164
73825416
73825461
73825614
73825641
73826145
73826154
73826415
73826451
73826514
73826541
73841256
73841265
73841526
73841562
73841625
73841652
73842156
73842165
73842516
73842561
73842615
73842651
73845126
73845162
73845216
73845261
73845612
73845621
73846125
73846152
73846215
73846251
73846512
73846521
73851246
73851264
73851426
73851462
73851624
73851642
73852146
73852164
73852416
73852461
73852614
73852641
73854126
73854162
73854216
73854261
73854612
73854621
73856124
73856142
73856214
73856241
73856412
73856421
73861245
73861254
73861425
73861452
73861524
73861542
73862145
73862154
73862415
73862451
73862514
73862541
73864125
73864152
73864215
73864251
73864512
73864521
73865124
73865142
73865214
73865241
73865412
73865421
74123568
74123586
74123658
74123685
74123856
74123865
74125368
74125386
74125638
74125683
74125836
74125863
74126358
74126385
74126538
74126583
74126835
74126853
74128356
74128365
74128536
74128563
74128635
74128653
74132568
74132586
74132658
74132685
74132856
74132865
74135268
74135286
74135628
74135682
74135826
74135862
74136258
74136285
74136528
74136582
74136825
74136852
74138256
74138265
74138526
74138562
74138625
74138652
74152368
74152386
74152638
74152683
74152836
74152863
74153268
74153286
74153628
74153682
74153826
74153862
74156238
74156283
74156328
74156382
74156823
74156832
74158236
74158263
74158326
74158362
74158623
74158632
74162358
74162385
74162538
74162583
74162835
74162853
74163258
74163285
74163528
74163582
74163825
74163852
74165238
74165283
74165328
74165382
74165823
74165832
74168235
74168253
74168325
74168352
74168523
74168532
74182356
74182365
74182536
74182563
74182635
74182653
74183256
74183265
74183526
74183562
74183625
74183652
74185236
74185263
74185326
74185362
74185623
74185632
74186235
74186253
74186325
74186352
74186523
74186532
74213568
74213586
74213658
74213685
74213856
74213865
74215368
74215386
74215638
74215683
74215836
74215863
74216358
74216385
74216538
74216583
74216835
74216853
74218356
74218365
74218536
74218563
74218635
74218653
74231568
74231586
74231658
74231685
74231856
74231865
74235168
74235186
74235618
74235681
74235816
74235861
74236158
74236185
74236518
74236581
74236815
74236851
74238156
74238165
74238516
74238561
74238615
74238651
74251368
74251386
74251638
74251683
74251836
74251863
74253168
74253186
74253618
74253681
74253816
74253861
74256138
74256183
74256318
74256381
74256813
74256831
74258136
74258163
74258316
74258361
74258613
74258631
74261358
74261385
74261538
74261583
74261835
74261853
74263158
74263185
74263518
74263581
74263815
74263851
74265138
74265183
74265318
74265381
74265813
74265831
74268135
74268153
74268315
74268351
74268513
74268531
74281356
74281365
74281536
74281563
74281635
74281653
74283156
74283165
74283516
74283561
74283615
74283651
74285136
74285163
74285316
74285361
74285613
74285631
74286135
74286153
74286315
74286351
74286513
74286531
74312568
74312586
74312658
74312685
74312856
74312865
74315268
74315286
74315628
74315682
74315826
74315862
74316258
74316285
74316528
74316582
74316825
74316852
74318256
74318265
74318526
74318562
74318625
74318652
74321568
74321586
74321658
74321685
74321856
74321865
74325168
74325186
74325618
74325681
74325816
74325861
74326158
74326185
74326518
74326581
74326815
74326851
74328156
74328165
74328516
74328561
74328615
74328651
74351268
74351286
74351628
74351682
74351826
74351862
74352168
74352186
74352618
74352681
74352816
74352861
74356128
74356182
74356218
74356281
74356812
74356821
74358126
74358162
74358216
74358261
74358612
74358621
74361258
74361285
74361528
74361582
74361825
74361852
74362158
74362185
74362518
74362581
74362815
74362851
74365128
74365182
74365218
74365281
74365812
74365821
74368125
74368152
74368215
74368251
74368512
74368521
74381256
74381265
74381526
74381562
74381625
74381652
74382156
74382165
74382516
74382561
74382615
74382651
74385126
74385162
74385216
74385261
74385612
74385621
74386125
74386152
74386215
74386251
74386512
74386521
74512368
74512386
74512638
74512683
74512836
74512863
74513268
74513286
74513628
74513682
74513826
74513862
74516238
74516283
74516328
74516382
74516823
74516832
74518236
74518263
74518326
74518362
74518623
74518632
74521368
74521386
74521638
74521683
74521836
74521863
74523168
74523186
74523618
74523681
74523816
74523861
74526138
74526183
74526318
74526381
74526813
74526831
74528136
74528163
74528316
74528361
74528613
74528631
74531268
74531286
74531628
74531682
74531826
74531862
74532168
74532186
74532618
74532681
74532816
74532861
74536128
74536182
74536218
74536281
74536812
74536821
74538126
74538162
74538216
74538261
74538612
74538621
74561238
74561283
74561328
74561382
74561823
74561832
74562138
74562183
74562318
74562381
74562813
74562831
74563128
74563182
74563218
74563281
74563812
74563821
74568123
74568132
74568213
74568231
74568312
74568321
74581236
74581263
74581326
74581362
74581623
74581632
74582136
74582163
74582316
74582361
74582613
74582631
74583126
74583162
74583216
74583261
74583612
74583621
74586123
74586132
74586213
74586231
74586312
74586321
74612358
74612385
74612538
74612583
74612835
74612853
74613258
74613285
74613528
74613582
74613825
74613852
74615238
74615283
74615328
74615382
74615823
74615832
74618235
74618253
74618325
74618352
74618523
74618532
74621358
74621385
74621538
74621583
74621835
74621853
74623158
74623185
74623518
74623581
74623815
74623851
74625138
74625183
74625318
74625381
74625813
74625831
74628135
74628153
74628315
74628351
74628513
74628531
74631258
74631285
74631528
74631582
74631825
74631852
74632158
74632185
74632518
74632581
74632815
74632851
74635128
74635182
74635218
74635281
74635812
74635821
74638125
74638152
74638215
74638251
74638512
74638521
74651238
74651283
74651328
74651382
74651823
74651832
74652138
74652183
74652318
74652381
74652813
74652831
74653128
74653182
74653218
74653281
74653812
74653821
74658123
74658132
74658213
74658231
74658312
74658321
74681235
74681253
74681325
74681352
74681523
74681532
74682135
74682153
74682315
74682351
74682513
74682531
74683125
74683152
74683215
74683251
74683512
74683521
74685123
74685132
74685213
74685231
74685312
74685321
74812356
74812365
74812536
74812563
74812635
74812653
74813256
74813265
74813526
74813562
74813625
74813652
74815236
74815263
74815326
74815362
74815623
74815632
74816235
74816253
74816325
74816352
74816523
74816532
74821356
74821365
74821536
74821563
74821635
74821653
74823156
74823165
74823516
74823561
74823615
74823651
74825136
74825163
74825316
74825361
74825613
74825631
74826135
74826153
74826315
74826351
74826513
74826531
74831256
74831265
74831526
74831562
74831625
74831652
74832156
74832165
74832516
74832561
74832615
74832651
74835126
74835162
74835216
74835261
74835612
74835621
74836125
74836152
74836215
74836251
74836512
74836521
74851236
74851263
74851326
74851362
74851623
74851632
74852136
74852163
74852316
74852361
74852613
74852631
74853126
74853162
74853216
74853261
74853612
74853621
74856123
74856132
74856213
74856231
74856312
74856321
74861235
74861253
74861325
74861352
74861523
74861532
74862135
74862153
74862315
74862351
74862513
74862531
74863125
74863152
74863215
74863251
74863512
74863521
74865123
74865132
74865213
74865231
74865312
74865321
75123468
75123486
75123648
75123684
75123846
75123864
75124368
75124386
75124638
75124683
75124836
75124863
75126348
75126384
75126438
75126483
75126834
75126843
75128346
75128364
75128436
75128463
75128634
75128643
75132468
75132486
75132648
75132684
75132846
75132864
75134268
75134286
75134628
75134682
75134826
75134862
75136248
75136284
75136428
75136482
75136824
75136842
75138246
75138264
75138426
75138462
75138624
75138642
75142368
75142386
75142638
75142683
75142836
75142863
75143268
75143286
75143628
75143682
75143826
75143862
75146238
75146283
75146328
75146382
75146823
75146832
75148236
75148263
75148326
75148362
75148623
75148632
75162348
75162384
75162438
75162483
75162834
75162843
75163248
75163284
75163428
75163482
75163824
75163842
75164238
75164283
75164328
75164382
75164823
75164832
75168234
75168243
75168324
75168342
75168423
75168432
75182346
75182364
75182436
75182463
75182634
75182643
75183246
75183264
75183426
75183462
75183624
75183642
75184236
75184263
75184326
75184362
75184623
75184632
75186234
75186243
75186324
75186342
75186423
75186432
75213468
75213486
75213648
75213684
75213846
75213864
75214368
75214386
75214638
75214683
75214836
75214863
75216348
75216384
75216438
75216483
75216834
75216843
75218346
75218364
75218436
75218463
75218634
75218643
75231468
75231486
75231648
75231684
75231846
75231864
75234168
75234186
75234618
75234681
75234816
75234861
75236148
75236184
75236418
75236481
75236814
75236841
75238146
75238164
75238416
75238461
75238614
75238641
75241368
75241386
75241638
75241683
75241836
75241863
75243168
75243186
75243618
75243681
75243816
75243861
75246138
75246183
75246318
75246381
75246813
75246831
75248136
75248163
75248316
75248361
75248613
75248631
75261348
75261384
75261438
75261483
75261834
75261843
75263148
75263184
75263418
75263481
75263814
75263841
75264138
75264183
75264318
75264381
75264813
75264831
75268134
75268143
75268314
75268341
75268413
75268431
75281346
75281364
75281436
75281463
75281634
75281643
75283146
75283164
75283416
75283461
75283614
75283641
75284136
75284163
75284316
75284361
75284613
75284631
75286134
75286143
75286314
75286341
75286413
75286431
75312468
75312486
75312648
75312684
75312846
75312864
75314268
75314286
75314628
75314682
75314826
75314862
75316248
75316284
75316428
75316482
75316824
75316842
75318246
75318264
75318426
75318462
75318624
75318642
75321468
75321486
75321648
75321684
75321846
75321864
75324168
75324186
75324618
75324681
75324816
75324861
75326148
75326184
75326418
75326481
75326814
75326841
75328146
75328164
75328416
75328461
75328614
75328641
75341268
75341286
75341628
75341682
75341826
75341862
75342168
75342186
75342618
75342681
75342816
75342861
75346128
75346182
75346218
75346281
75346812
75346821
75348126
75348162
75348216
75348261
75348612
75348621
75361248
75361284
75361428
75361482
75361824
75361842
75362148
75362184
75362418
75362481
75362814
75362841
75364128
75364182
75364218
75364281
75364812
75364821
75368124
75368142
75368214
75368241
75368412
75368421
75381246
75381264
75381426
75381462
75381624
75381642
75382146
75382164
75382416
75382461
75382614
75382641
75384126
75384162
75384216
75384261
75384612
75384621
75386124
75386142
75386214
75386241
75386412
75386421
75412368
75412386
75412638
75412683
75412836
75412863
75413268
75413286
75413628
75413682
75413826
75413862
75416238
75416283
75416328
75416382
75416823
75416832
75418236
75418263
75418326
75418362
75418623
75418632
75421368
75421386
75421638
75421683
75421836
75421863
75423168
75423186
75423618
75423681
75423816
75423861
75426138
75426183
75426318
75426381
75426813
75426831
75428136
75428163
75428316
75428361
75428613
75428631
75431268
75431286
75431628
75431682
75431826
75431862
75432168
75432186
75432618
75432681
75432816
75432861
75436128
75436182
75436218
75436281
75436812
75436821
75438126
75438162
75438216
75438261
75438612
75438621
75461238
75461283
75461328
75461382
75461823
75461832
75462138
75462183
75462318
75462381
75462813
75462831
75463128
75463182
75463218
75463281
75463812
75463821
75468123
75468132
75468213
75468231
75468312
75468321
75481236
75481263
75481326
75481362
75481623
75481632
75482136
75482163
75482316
75482361
75482613
75482631
75483126
75483162
75483216
75483261
75483612
75483621
75486123
75486132
75486213
75486231
75486312
75486321
75612348
75612384
75612438
75612483
75612834
75612843
75613248
75613284
75613428
75613482
75613824
75613842
75614238
75614283
75614328
75614382
75614823
75614832
75618234
75618243
75618324
75618342
75618423
75618432
75621348
75621384
75621438
75621483
75621834
75621843
75623148
75623184
75623418
75623481
75623814
75623841
75624138
75624183
75624318
75624381
75624813
75624831
75628134
75628143
75628314
75628341
75628413
75628431
75631248
75631284
75631428
75631482
75631824
75631842
75632148
75632184
75632418
75632481
75632814
75632841
75634128
75634182
75634218
75634281
75634812
75634821
75638124
75638142
75638214
75638241
75638412
75638421
75641238
75641283
75641328
75641382
75641823
75641832
75642138
75642183
75642318
75642381
75642813
75642831
75643128
75643182
75643218
75643281
75643812
75643821
75648123
75648132
75648213
75648231
75648312
75648321
75681234
75681243
75681324
75681342
75681423
75681432
75682134
75682143
75682314
75682341
75682413
75682431
75683124
75683142
75683214
75683241
75683412
75683421
75684123
75684132
75684213
75684231
75684312
75684321
75812346
75812364
75812436
75812463
75812634
75812643
75813246
75813264
75813426
75813462
75813624
75813642
75814236
75814263
75814326
75814362
75814623
75814632
75816234
75816243
75816324
75816342
75816423
75816432
75821346
75821364
75821436
75821463
75821634
75821643
75823146
75823164
75823416
75823461
75823614
75823641
75824136
75824163
75824316
75824361
75824613
75824631
75826134
75826143
75826314
75826341
75826413
75826431
75831246
75831264
75831426
75831462
75831624
75831642
75832146
75832164
75832416
75832461
75832614
75832641
75834126
75834162
75834216
75834261
75834612
75834621
75836124
75836142
75836214
75836241
75836412
75836421
75841236
75841263
75841326
75841362
75841623
75841632
75842136
75842163
75842316
75842361
75842613
75842631
75843126
75843162
75843216
75843261
75843612
75843621
75846123
75846132
75846213
75846231
75846312
75846321
75861234
75861243
75861324
75861342
75861423
75861432
75862134
75862143
75862314
75862341
75862413
75862431
75863124
75863142
75863214
75863241
75863412
75863421
75864123
75864132
75864213
75864231
75864312
75864321
76123458
76123485
76123548
76123584
76123845
76123854
76124358
76124385
76124538
76124583
76124835
76124853
76125348
76125384
76125438
76125483
76125834
76125843
76128345
76128354
76128435
76128453
76128534
76128543
76132458
76132485
76132548
76132584
76132845
76132854
76134258
76134285
76134528
76134582
76134825
76134852
76135248
76135284
76135428
76135482
76135824
76135842
76138245
76138254
76138425
76138452
76138524
76138542
76142358
76142385
76142538
76142583
76142835
76142853
76143258
76143285
76143528
76143582
76143825
76143852
76145238
76145283
76145328
76145382
76145823
76145832
76148235
76148253
76148325
76148352
76148523
76148532
76152348
76152384
76152438
76152483
76152834
76152843
76153248
76153284
76153428
76153482
76153824
76153842
76154238
76154283
76154328
76154382
76154823
76154832
76158234
76158243
76158324
76158342
76158423
76158432
76182345
76182354
76182435
76182453
76182534
76182543
76183245
76183254
76183425
76183452
76183524
76183542
76184235
76184253
76184325
76184352
76184523
76184532
76185234
76185243
76185324
76185342
76185423
76185432
76213458
76213485
76213548
76213584
76213845
76213854
76214358
76214385
76214538
76214583
76214835
76214853
76215348
76215384
76215438
76215483
76215834
76215843
76218345
76218354
76218435
76218453
76218534
76218543
76231458
76231485
76231548
76231584
76231845
76231854
76234158
76234185
76234518
76234581
76234815
76234851
76235148
76235184
76235418
76235481
76235814
76235841
76238145
76238154
76238415
76238451
76238514
76238541
76241358
76241385
76241538
76241583
76241835
76241853
76243158
76243185
76243518
76243581
76243815
76243851
76245138
76245183
76245318
76245381
76245813
76245831
76248135
76248153
76248315
76248351
76248513
76248531
76251348
76251384
76251438
76251483
76251834
76251843
76253148
76253184
76253418
76253481
76253814
76253841
76254138
76254183
76254318
76254381
76254813
76254831
76258134
76258143
76258314
76258341
76258413
76258431
76281345
76281354
76281435
76281453
76281534
76281543
76283145
76283154
76283415
76283451
76283514
76283541
76284135
76284153
76284315
76284351
76284513
76284531
76285134
76285143
76285314
76285341
76285413
76285431
76312458
76312485
76312548
76312584
76312845
76312854
76314258
76314285
76314528
76314582
76314825
76314852
76315248
76315284
76315428
76315482
76315824
76315842
76318245
76318254
76318425
76318452
76318524
76318542
76321458
76321485
76321548
76321584
76321845
76321854
76324158
76324185
76324518
76324581
76324815
76324851
76325148
76325184
76325418
76325481
76325814
76325841
76328145
76328154
76328415
76328451
76328514
76328541
76341258
76341285
76341528
76341582
76341825
76341852
76342158
76342185
76342518
76342581
76342815
76342851
76345128
76345182
76345218
76345281
76345812
76345821
76348125
76348152
76348215
76348251
76348512
76348521
76351248
76351284
76351428
76351482
76351824
76351842
76352148
76352184
76352418
76352481
76352814
76352841
76354128
76354182
76354218
76354281
76354812
76354821
76358124
76358142
76358214
76358241
76358412
76358421
76381245
76381254
76381425
76381452
76381524
76381542
76382145
76382154
76382415
76382451
76382514
76382541
76384125
76384152
76384215
76384251
76384512
76384521
76385124
76385142
76385214
76385241
76385412
76385421
76412358
76412385
76412538
76412583
76412835
76412853
76413258
76413285
76413528
76413582
76413825
76413852
76415238
76415283
76415328
76415382
76415823
76415832
76418235
76418253
76418325
76418352
76418523
76418532
76421358
76421385
76421538
76421583
76421835
76421853
76423158
76423185
76423518
76423581
76423815
76423851
76425138
76425183
76425318
76425381
76425813
76425831
76428135
76428153
76428315
76428351
76428513
76428531
76431258
76431285
76431528
76431582
76431825
76431852
76432158
76432185
76432518
76432581
76432815
76432851
76435128
76435182
76435218
76435281
76435812
76435821
76438125
76438152
76438215
76438251
76438512
76438521
76451238
76451283
76451328
76451382
76451823
76451832
76452138
76452183
76452318
76452381
76452813
76452831
76453128
76453182
76453218
76453281
76453812
76453821
76458123
76458132
76458213
76458231
76458312
76458321
76481235
76481253
76481325
76481352
76481523
76481532
76482135
76482153
76482315
76482351
76482513
76482531
76483125
76483152
76483215
76483251
76483512
76483521
76485123
76485132
76485213
76485231
76485312
76485321
76512348
76512384
76512438
76512483
76512834
76512843
76513248
76513284
76513428
76513482
76513824
76513842
76514238
76514283
76514328
76514382
76514823
76514832
76518234
76518243
76518324
76518342
76518423
76518432
76521348
76521384
76521438
76521483
76521834
76521843
76523148
76523184
76523418
76523481
76523814
76523841
76524138
76524183
76524318
76524381
76524813
76524831
76528134
76528143
76528314
76528341
76528413
76528431
76531248
76531284
76531428
76531482
76531824
76531842
76532148
76532184
76532418
76532481
76532814
76532841
76534128
76534182
76534218
76534281
76534812
76534821
76538124
76538142
76538214
76538241
76538412
76538421
76541238
76541283
76541328
76541382
76541823
76541832
76542138
76542183
76542318
76542381
76542813
76542831
76543128
76543182
76543218
76543281
76543812
76543821
76548123
76548132
76548213
76548231
76548312
76548321
76581234
76581243
76581324
76581342
76581423
76581432
76582134
76582143
76582314
76582341
76582413
76582431
76583124
76583142
76583214
76583241
76583412
76583421
76584123
76584132
76584213
76584231
76584312
76584321
76812345
76812354
76812435
76812453
76812534
76812543
76813245
76813254
76813425
76813452
76813524
76813542
76814235
76814253
76814325
76814352
76814523
76814532
76815234
76815243
76815324
76815342
76815423
76815432
76821345
76821354
76821435
76821453
76821534
76821543
76823145
76823154
76823415
76823451
76823514
76823541
76824135
76824153
76824315
76824351
76824513
76824531
76825134
76825143
76825314
76825341
76825413
76825431
76831245
76831254
76831425
76831452
76831524
76831542
76832145
76832154
76832415
76832451
76832514
76832541
76834125
76834152
76834215
76834251
76834512
76834521
76835124
76835142
76835214
76835241
76835412
76835421
76841235
76841253
76841325
76841352
76841523
76841532
76842135
76842153
76842315
76842351
76842513
76842531
76843125
76843152
76843215
76843251
76843512
76843521
76845123
76845132
76845213
76845231
76845312
76845321
76851234
76851243
76851324
76851342
76851423
76851432
76852134
76852143
76852314
76852341
76852413
76852431
76853124
76853142
76853214
76853241
76853412
76853421
76854123
76854132
76854213
76854231
76854312
76854321
78123456
78123465
78123546
78123564
78123645
78123654
78124356
78124365
78124536
78124563
78124635
78124653
78125346
78125364
78125436
78125463
78125634
78125643
78126345
78126354
78126435
78126453
78126534
78126543
78132456
78132465
78132546
78132564
78132645
78132654
78134256
78134265
78134526
78134562
78134625
78134652
78135246
78135264
78135426
78135462
78135624
78135642
78136245
78136254
78136425
78136452
78136524
78136542
78142356
78142365
78142536
78142563
78142635
78142653
78143256
78143265
78143526
78143562
78143625
78143652
78145236
78145263
78145326
78145362
78145623
78145632
78146235
78146253
78146325
78146352
78146523
78146532
78152346
78152364
78152436
78152463
78152634
78152643
78153246
78153264
78153426
78153462
78153624
78153642
78154236
78154263
78154326
78154362
78154623
78154632
78156234
78156243
78156324
78156342
78156423
78156432
78162345
78162354
78162435
78162453
78162534
78162543
78163245
78163254
78163425
78163452
78163524
78163542
78164235
78164253
78164325
78164352
78164523
78164532
78165234
78165243
78165324
78165342
78165423
78165432
78213456
78213465
78213546
78213564
78213645
78213654
78214356
78214365
78214536
78214563
78214635
78214653
78215346
78215364
78215436
78215463
78215634
78215643
78216345
78216354
78216435
78216453
78216534
78216543
78231456
78231465
78231546
78231564
78231645
78231654
78234156
78234165
78234516
78234561
78234615
78234651
78235146
78235164
78235416
78235461
78235614
78235641
78236145
78236154
78236415
78236451
78236514
78236541
78241356
78241365
78241536
78241563
78241635
78241653
78243156
78243165
78243516
78243561
78243615
78243651
78245136
78245163
78245316
78245361
78245613
78245631
78246135
78246153
78246315
78246351
78246513
78246531
78251346
78251364
78251436
78251463
78251634
78251643
78253146
78253164
78253416
78253461
78253614
78253641
78254136
78254163
78254316
78254361
78254613
78254631
78256134
78256143
78256314
78256341
78256413
78256431
78261345
78261354
78261435
78261453
78261534
78261543
78263145
78263154
78263415
78263451
78263514
78263541
78264135
78264153
78264315
78264351
78264513
78264531
78265134
78265143
78265314
78265341
78265413
78265431
78312456
78312465
78312546
78312564
78312645
78312654
78314256
78314265
78314526
78314562
78314625
78314652
78315246
78315264
78315426
78315462
78315624
78315642
78316245
78316254
78316425
78316452
78316524
78316542
78321456
78321465
78321546
78321564
78321645
78321654
78324156
78324165
78324516
78324561
78324615
78324651
78325146
78325164
78325416
78325461
78325614
78325641
78326145
78326154
78326415
78326451
78326514
78326541
78341256
78341265
78341526
78341562
78341625
78341652
78342156
78342165
78342516
78342561
78342615
78342651
78345126
78345162
78345216
78345261
78345612
78345621
78346125
78346152
78346215
78346251
78346512
78346521
78351246
78351264
78351426
78351462
78351624
78351642
78352146
78352164
78352416
78352461
78352614
78352641
78354126
78354162
78354216
78354261
78354612
78354621
78356124
78356142
78356214
78356241
78356412
78356421
78361245
78361254
78361425
78361452
78361524
78361542
78362145
78362154
78362415
78362451
78362514
78362541
78364125
78364152
78364215
78364251
78364512
78364521
78365124
78365142
78365214
78365241
78365412
78365421
78412356
78412365
78412536
78412563
78412635
78412653
78413256
78413265
78413526
78413562
78413625
78413652
78415236
78415263
78415326
78415362
78415623
78415632
78416235
78416253
78416325
78416352
78416523
78416532
78421356
78421365
78421536
78421563
78421635
78421653
78423156
78423165
78423516
78423561
78423615
78423651
78425136
78425163
78425316
78425361
78425613
78425631
78426135
78426153
78426315
78426351
78426513
78426531
78431256
78431265
78431526
78431562
78431625
78431652
78432156
78432165
78432516
78432561
78432615
78432651
78435126
78435162
78435216
78435261
78435612
78435621
78436125
78436152
78436215
78436251
78436512
78436521
78451236
78451263
78451326
78451362
78451623
78451632
78452136
78452163
78452316
78452361
78452613
78452631
78453126
78453162
78453216
78453261
78453612
78453621
78456123
78456132
78456213
78456231
78456312
78456321
78461235
78461253
78461325
78461352
78461523
78461532
78462135
78462153
78462315
78462351
78462513
78462531
78463125
78463152
78463215
78463251
78463512
78463521
78465123
78465132
78465213
78465231
78465312
78465321
78512346
78512364
78512436
78512463
78512634
78512643
78513246
78513264
78513426
78513462
78513624
78513642
78514236
78514263
78514326
78514362
78514623
78514632
78516234
78516243
78516324
78516342
78516423
78516432
78521346
78521364
78521436
78521463
78521634
78521643
78523146
78523164
78523416
78523461
78523614
78523641
78524136
78524163
78524316
78524361
78524613
78524631
78526134
78526143
78526314
78526341
78526413
78526431
78531246
78531264
78531426
78531462
78531624
78531642
78532146
78532164
78532416
78532461
78532614
78532641
78534126
78534162
78534216
78534261
78534612
78534621
78536124
78536142
78536214
78536241
78536412
78536421
78541236
78541263
78541326
78541362
78541623
78541632
78542136
78542163
78542316
78542361
78542613
78542631
78543126
78543162
78543216
78543261
78543612
78543621
78546123
78546132
78546213
78546231
78546312
78546321
78561234
78561243
78561324
78561342
78561423
78561432
78562134
78562143
78562314
78562341
78562413
78562431
78563124
78563142
78563214
78563241
78563412
78563421
78564123
78564132
78564213
78564231
78564312
78564321
78612345
78612354
78612435
78612453
78612534
78612543
78613245
78613254
78613425
78613452
78613524
78613542
78614235
78614253
78614325
78614352
78614523
78614532
78615234
78615243
78615324
78615342
78615423
78615432
78621345
78621354
78621435
78621453
78621534
78621543
78623145
78623154
78623415
78623451
78623514
78623541
78624135
78624153
78624315
78624351
78624513
78624531
78625134
78625143
78625314
78625341
78625413
78625431
78631245
78631254
78631425
78631452
78631524
78631542
78632145
78632154
78632415
78632451
78632514
78632541
78634125
78634152
78634215
78634251
78634512
78634521
78635124
78635142
78635214
78635241
78635412
78635421
78641235
78641253
78641325
78641352
78641523
78641532
78642135
78642153
78642315
78642351
78642513
78642531
78643125
78643152
78643215
78643251
78643512
78643521
78645123
78645132
78645213
78645231
78645312
78645321
78651234
78651243
78651324
78651342
78651423
78651432
78652134
78652143
78652314
78652341
78652413
78652431
78653124
78653142
78653214
78653241
78653412
78653421
78654123
78654132
78654213
78654231
78654312
78654321
